[0.33742152 0.33181732 0.32815958 0.32204076 0.31833364 0.312194
 0.30416525 0.29834985 0.29442963 0.29092783 0.28587929 0.27846327
 0.27396987 0.26868709 0.26464249 0.25988197 0.2533487  0.24923134
 0.24787999 0.24549103 0.24225692 0.24017941 0.23656117 0.23175186
 0.22673264 0.22072717 0.21709238 0.21136883 0.20756916 0.20557792
 0.20319718 0.19951255 0.1972563  0.1972563  0.1962675  0.19531718
 0.1946958  0.19265791 0.1898882  0.18744579 0.1853126  0.1821585
 0.17951013 0.17861626 0.17716595 0.17716595 0.17616745 0.17373785
 0.1734722  0.17132    0.17108714 0.17108714 0.16958491 0.16937136
 0.16886117 0.16846257 0.16824841 0.16702835 0.1666078  0.1661047
 0.16454934 0.16453081 0.16373347 0.16216098 0.16192269 0.16060249
 0.15946185 0.15946185 0.15865819 0.15865782 0.15782887 0.15675217
 0.15603695 0.1556774  0.15558968 0.15558968 0.15545902 0.15534493
 0.15530243 0.15484815 0.15445259 0.15488812 0.15488812 0.15488812
 0.15555489 0.15561352 0.1556464  0.15529877 0.15529877 0.15624267
 0.15634635 0.1565791  0.1565791  0.15615574 0.15683588 0.15703632
 0.15775764 0.15775764 0.15775764 0.15775764 0.15775764 0.15807588
 0.15807588 0.15807588 0.15807588 0.15807588 0.15807588 0.15854109
 0.1586506  0.15752661 0.15797972 0.15797972 0.15808411 0.15906853
 0.15997345 0.15997345 0.15997345 0.15913483 0.15843255 0.15843255
 0.15837569 0.15786457 0.15786457 0.15786457 0.15920353 0.15786114
 0.15786114 0.15786114 0.15786114 0.15786114 0.15861651 0.15912305
 0.15912305 0.15887242 0.1587076  0.1587076  0.1587076  0.1587076
 0.1587076  0.15935624 0.15885101 0.15968613 0.15968613 0.15998025
 0.16045868 0.16045868 0.16045868 0.16055345 0.16055345 0.16055345
 0.16055345 0.16055345 0.16055345 0.16055345 0.16055345 0.16123646
 0.16123646 0.16123646 0.16134691 0.16071901 0.16071901 0.16071901
 0.16071901 0.16071901 0.16071901 0.16071901 0.16156868 0.16156868
 0.16080005 0.16038809 0.16038809 0.16030966 0.16030966 0.16030966
 0.16030966 0.16030966 0.16030966 0.16077763 0.16077763 0.16077763
 0.16077763 0.16133319 0.16133319 0.16133319 0.16155018 0.16155018
 0.16155018 0.16154917 0.16154917 0.16155571 0.16155571 0.16155571
 0.16155571 0.16155571 0.16155571 0.16155571 0.16155571 0.16155571
 0.16214133 0.16214133 0.16214133 0.16214133 0.16214133 0.16214133
 0.16214133 0.16214133 0.16214133 0.16214133 0.16214133 0.16170322
 0.16138094 0.16165872 0.16165872 0.16165872 0.16165872 0.16230251
 0.16230251 0.16278164 0.16235027 0.1630647  0.1630647  0.1630647
 0.16383921 0.16383921 0.16383921 0.16383921 0.16379019 0.16379019
 0.16379019 0.16379019 0.16379019 0.16379019 0.16379019 0.16366666
 0.16366666 0.16366666 0.16366666 0.16395424 0.16391721 0.16398583
 0.16398583 0.16398583 0.16398583 0.16398583 0.16417407 0.16409564
 0.16409564 0.16409564 0.16409564 0.16479319 0.16479319 0.16479319
 0.16479319 0.16479319 0.16479319 0.16512148 0.16512148 0.16512148
 0.16512148 0.16512148 0.16512148 0.16512148 0.16519555 0.16519555
 0.16519555 0.16519555 0.16519555 0.16519555 0.16519555 0.16519555
 0.16523477 0.16523477 0.16523477 0.16523477 0.16536549 0.16536549
 0.16536549 0.16536549 0.16536549 0.16536549 0.16536549 0.16536549
 0.16536549 0.16536549 0.16536549 0.16536549 0.16580993 0.16580993
 0.16580993 0.16580993 0.16580993 0.16580993 0.16580993 0.16580993
 0.16580993 0.16580993 0.16580993 0.16580993 0.16641124 0.16641124
 0.16641124 0.16641124 0.16641124 0.16641124 0.16641124 0.16641124
 0.16641124 0.16641124 0.16641124 0.16641124 0.16641124 0.16641124
 0.16641124 0.16641124 0.16641124 0.16641124 0.16641124 0.16641124
 0.16641124 0.16641124 0.16641124 0.16732828 0.16732828 0.16732828
 0.16732828 0.16732828 0.16732828 0.16732828 0.16732828 0.16732828
 0.167459   0.167459   0.167459   0.167459   0.167459   0.167459
 0.167459   0.167459   0.167459   0.167459   0.167459   0.167459
 0.167459   0.167459   0.16747207 0.16833482 0.16833482 0.16833482
 0.16833482 0.16833482 0.16833482 0.16833482 0.16833482 0.16833482
 0.16833482 0.16833482 0.16833482 0.16833482 0.16833482 0.16833482
 0.16833482 0.16857011 0.16857011 0.16857011 0.16857011 0.16857011
 0.16857011 0.16857011 0.16857011 0.16857011 0.16857011 0.16857011
 0.16818841 0.16818841 0.16818841 0.16818841 0.16818841 0.16818841
 0.16818841 0.16818841 0.16818841 0.16818841 0.16818841 0.16818841
 0.16818841 0.16818841 0.16818841 0.16818841 0.16818841 0.16818841
 0.16834528 0.16834528 0.16834528 0.16834528 0.16834528 0.16834528
 0.16834528 0.16919822 0.16919822 0.16919822 0.16919822 0.16919822
 0.16919822 0.16919822 0.16919822 0.16919822 0.16919822 0.16919822
 0.16995116 0.16995116 0.16995116 0.16995116 0.16995116 0.16995116
 0.16995116 0.16995116 0.16995116 0.16995116 0.16995116 0.16995116
 0.16995116 0.16995116 0.16995116 0.16995116 0.16995116 0.17034332
 0.17034332 0.17034332 0.17034332 0.17034332 0.17034332 0.17003045
 0.17003045 0.17003045 0.17003045 0.17003045 0.17003045 0.17003045
 0.17003045 0.17003045 0.17003045 0.17003045 0.17003045 0.17003045
 0.17003045 0.17003045 0.17003045 0.17003045 0.17003045 0.17003045
 0.17003045 0.17003045 0.17003045 0.17003045 0.17003045 0.17003045
 0.17003045 0.17003045 0.17003045 0.17003045 0.17003045 0.17003045
 0.17003045 0.17003045 0.17003045 0.17003045 0.17082261 0.17082261
 0.17082261 0.17082261 0.17082261 0.17082261 0.17082261 0.17082261
 0.17082261 0.17082261 0.17082261 0.17082261 0.17082261 0.17082261
 0.17082261 0.17082261 0.17082261 0.17082261 0.17082261 0.17082261
 0.17082261 0.17082261 0.17082261 0.17082261 0.1710481  0.1710481
 0.1710481  0.1710481  0.1710481  0.1710481  0.1710481  0.1710481
 0.1710481  0.1710481  0.1710481  0.1710481  0.1710481  0.1710481
 0.1710481  0.1710481  0.1710481  0.1710481  0.1710481  0.1710481
 0.1710481  0.1710481  0.1710481  0.1710481  0.1710481  0.1710481
 0.1710481  0.1710481  0.1710481  0.1710481  0.1710481  0.1710481
 0.1710481  0.1710481  0.1710481  0.1710481  0.1710481  0.1710481
 0.1710481  0.1710481  0.1710481  0.1710481  0.1710481  0.1710481
 0.1710481  0.1710481  0.1710481  0.1710481  0.1710481  0.1710481
 0.1710481  0.1710481  0.1710481  0.1710481  0.1710481  0.1710481
 0.1710481  0.1710481  0.1710481  0.1710481  0.1710481  0.1710481
 0.17255665 0.17255665 0.17255665 0.17255665 0.17255665 0.17255665
 0.17255665 0.17255665 0.17255665 0.17255665 0.17255665 0.17255665
 0.17255665 0.17255665 0.17255665 0.17255665 0.17255665 0.17255665
 0.17255665 0.17255665 0.17255665 0.17255665 0.17255665 0.17255665
 0.17255665 0.17255665 0.17255665 0.17255665 0.17255665 0.17255665
 0.17255665 0.17255665 0.17255665 0.17255665 0.17255665 0.17255665
 0.17255665 0.17255665 0.17255665 0.17255665 0.17255665 0.17255665
 0.17255665 0.17255665 0.17255665 0.17255665 0.17255665 0.17255665
 0.17255665 0.17255665 0.17255665 0.17255665 0.17255665 0.17255665
 0.17255665 0.17255665 0.17255665 0.17255665 0.17255665 0.17255665
 0.17255665 0.17255665 0.17255665 0.17255665 0.17255665 0.17255665
 0.17255665 0.17255665 0.17255665 0.17255665 0.17255665 0.17255665
 0.17255665 0.17255665 0.17255665 0.17255665 0.17255665 0.17255665
 0.17255665 0.17255665 0.17255665 0.17255665 0.17255665 0.17255665
 0.17255665 0.17255665 0.17255665 0.17255665 0.17255665 0.17255665
 0.17255665 0.17255665 0.17255665 0.17255665 0.17255665 0.17255665
 0.17255665 0.17255665 0.17255665 0.17255665 0.17255665 0.17255665
 0.17255665 0.17255665 0.17255665 0.17255665 0.17255665 0.17255665
 0.17255665 0.17255665 0.17255665 0.17255665 0.17255665 0.17255665
 0.17255665 0.17255665 0.17255665 0.17255665 0.17255665 0.17255665
 0.17255665 0.17255665 0.17255665 0.17255665 0.17255665 0.17255665
 0.17255665 0.17255665 0.17255665 0.17255665 0.17255665 0.17286057
 0.17286057 0.17286057 0.17286057 0.17286057 0.17286057 0.17286057
 0.17286057 0.17286057 0.17286057 0.17286057 0.17286057 0.17286057
 0.17286057 0.17286057 0.17286057 0.17286057 0.17286057 0.17286057
 0.17286057 0.17286057 0.17286057 0.17286057 0.17286057 0.17286057
 0.17286057 0.17286057 0.17286057 0.17286057 0.17286057 0.17286057
 0.17286057 0.17286057 0.17286057 0.17286057 0.17286057 0.17286057
 0.17286057 0.17286057 0.17286057 0.17286057 0.17286057 0.17286057
 0.17286057 0.17286057 0.17286057 0.17286057 0.17286057 0.17286057
 0.17286057 0.17286057 0.17286057 0.17286057 0.17286057 0.17286057
 0.17286057 0.17286057 0.17286057 0.17286057 0.17286057 0.17286057
 0.17286057 0.17286057 0.17286057 0.17286057 0.17286057 0.17286057
 0.17286057 0.17286057 0.17286057 0.17286057 0.17286057 0.17286057
 0.17286057 0.17286057 0.17286057 0.17286057 0.17286057 0.17286057
 0.17286057 0.17286057 0.17286057 0.17286057 0.17286057 0.17286057
 0.17286057 0.17286057 0.17286057 0.17286057 0.17286057 0.17286057
 0.17286057 0.17286057 0.17286057 0.17286057 0.17286057 0.17286057
 0.17286057 0.17286057 0.17286057 0.17286057 0.17286057 0.17286057
 0.17286057 0.17286057 0.17286057 0.17286057 0.17286057 0.17286057
 0.17286057 0.17286057 0.17286057 0.17286057 0.17286057 0.17286057
 0.17286057 0.17286057 0.17286057 0.17286057 0.17286057 0.17286057
 0.17286057 0.17286057 0.17286057 0.17286057 0.17286057 0.17286057
 0.17286057 0.17286057 0.17286057 0.17286057 0.17286057 0.17286057
 0.17286057 0.17286057 0.17286057 0.17286057 0.17286057 0.17286057
 0.17286057 0.17286057 0.17286057 0.17286057 0.17286057 0.17286057
 0.17286057 0.17286057 0.17286057 0.17286057 0.17286057 0.17286057
 0.17286057 0.17286057 0.17286057 0.17286057 0.17286057 0.17286057
 0.17286057 0.17286057 0.17286057 0.17286057 0.17286057 0.17286057
 0.17286057 0.17286057 0.17286057 0.17286057 0.17286057 0.17286057
 0.17286057 0.17286057 0.17286057 0.17286057 0.17286057 0.17286057
 0.17286057 0.17286057 0.17286057 0.17286057 0.17286057 0.17286057
 0.17286057 0.17286057 0.17286057 0.17286057 0.17286057 0.17286057
 0.17286057 0.17286057 0.17286057 0.17286057 0.17286057 0.17286057
 0.17286057 0.17286057 0.17286057 0.17286057 0.17286057 0.17286057
 0.17286057 0.17286057 0.17286057 0.17286057 0.17286057 0.17286057
 0.17286057 0.17286057 0.17286057 0.17286057 0.17286057 0.17286057
 0.17286057 0.17286057 0.17286057 0.17286057 0.17286057 0.17286057
 0.17286057 0.17286057 0.17286057 0.17286057 0.17286057 0.17286057
 0.17286057 0.17286057 0.17286057 0.17286057 0.17286057 0.17286057
 0.17286057 0.17286057 0.17286057 0.17286057 0.17286057 0.17286057
 0.17286057 0.17286057 0.17286057 0.17286057 0.17286057 0.17286057
 0.17286057 0.17286057 0.17286057 0.17286057 0.17286057 0.17286057
 0.17286057 0.17286057 0.17286057 0.17286057 0.17286057 0.17286057
 0.17286057 0.17286057 0.17286057 0.17286057 0.17286057 0.17286057
 0.17286057 0.17286057 0.17286057 0.17286057 0.17286057 0.17286057
 0.17286057 0.17286057 0.17286057 0.17286057 0.17286057 0.17286057
 0.17286057 0.17286057 0.17286057 0.17286057 0.17286057 0.17286057
 0.17286057 0.17286057 0.17286057 0.17286057 0.17286057 0.17286057
 0.17286057 0.17286057 0.17286057 0.17286057 0.17286057 0.17286057
 0.17286057 0.17286057 0.17286057 0.17286057 0.17286057 0.17286057
 0.17286057 0.17286057 0.17286057 0.17286057 0.17286057 0.17286057
 0.17286057 0.17286057 0.17286057 0.17286057 0.17286057 0.17286057
 0.17286057 0.17286057 0.17286057 0.17286057 0.17286057 0.17286057
 0.17286057 0.17286057 0.17286057 0.17286057]
[8.14  8.024 7.952 7.832 7.744 7.636 7.476 7.356 7.272 7.204 7.1   6.972
 6.88  6.764 6.656 6.552 6.416 6.308 6.26  6.204 6.12  6.048 5.964 5.84
 5.752 5.612 5.48  5.352 5.212 5.124 5.064 4.936 4.864 4.864 4.82  4.772
 4.724 4.648 4.552 4.464 4.388 4.288 4.18  4.12  4.08  4.08  4.024 3.912
 3.904 3.812 3.784 3.784 3.728 3.68  3.648 3.572 3.544 3.452 3.388 3.376
 3.32  3.312 3.22  3.136 3.112 3.084 3.028 3.028 2.944 2.936 2.86  2.832
 2.82  2.772 2.74  2.74  2.712 2.672 2.632 2.58  2.564 2.556 2.556 2.556
 2.528 2.508 2.468 2.408 2.408 2.388 2.356 2.328 2.328 2.296 2.288 2.284
 2.256 2.256 2.256 2.256 2.256 2.204 2.204 2.204 2.204 2.204 2.204 2.172
 2.14  2.088 2.084 2.084 2.076 2.052 2.048 2.048 2.048 2.016 2.004 2.004
 2.    1.992 1.992 1.992 1.924 1.908 1.908 1.908 1.908 1.908 1.9   1.892
 1.892 1.86  1.844 1.844 1.844 1.844 1.844 1.816 1.804 1.784 1.784 1.78
 1.768 1.768 1.768 1.764 1.764 1.764 1.764 1.764 1.764 1.764 1.764 1.76
 1.76  1.76  1.756 1.7   1.7   1.7   1.7   1.7   1.7   1.7   1.692 1.692
 1.684 1.676 1.676 1.664 1.664 1.664 1.664 1.664 1.664 1.66  1.66  1.66
 1.66  1.656 1.656 1.656 1.6   1.6   1.6   1.564 1.564 1.556 1.556 1.556
 1.556 1.556 1.556 1.556 1.556 1.556 1.552 1.552 1.552 1.552 1.552 1.552
 1.552 1.552 1.552 1.552 1.552 1.544 1.508 1.504 1.504 1.504 1.504 1.5
 1.5   1.492 1.484 1.472 1.472 1.472 1.468 1.468 1.468 1.468 1.412 1.412
 1.412 1.412 1.412 1.412 1.412 1.4   1.4   1.4   1.4   1.392 1.388 1.384
 1.384 1.384 1.384 1.384 1.376 1.372 1.372 1.372 1.372 1.368 1.368 1.368
 1.368 1.368 1.368 1.336 1.336 1.336 1.336 1.336 1.336 1.336 1.308 1.308
 1.308 1.308 1.308 1.308 1.308 1.308 1.304 1.304 1.304 1.304 1.3   1.3
 1.3   1.3   1.3   1.3   1.3   1.3   1.3   1.3   1.3   1.3   1.296 1.296
 1.296 1.296 1.296 1.296 1.296 1.296 1.296 1.296 1.296 1.296 1.292 1.292
 1.292 1.292 1.292 1.292 1.292 1.292 1.292 1.292 1.292 1.292 1.292 1.292
 1.292 1.292 1.292 1.292 1.292 1.292 1.292 1.292 1.292 1.284 1.284 1.284
 1.284 1.284 1.284 1.284 1.284 1.284 1.28  1.28  1.28  1.28  1.28  1.28
 1.28  1.28  1.28  1.28  1.28  1.28  1.28  1.28  1.272 1.268 1.268 1.268
 1.268 1.268 1.268 1.268 1.268 1.268 1.268 1.268 1.268 1.268 1.268 1.268
 1.268 1.264 1.264 1.264 1.264 1.264 1.264 1.264 1.264 1.264 1.264 1.264
 1.244 1.244 1.244 1.244 1.244 1.244 1.244 1.244 1.244 1.244 1.244 1.244
 1.244 1.244 1.244 1.244 1.244 1.244 1.24  1.24  1.24  1.24  1.24  1.24
 1.24  1.236 1.236 1.236 1.236 1.236 1.236 1.236 1.236 1.236 1.236 1.236
 1.228 1.228 1.228 1.228 1.228 1.228 1.228 1.228 1.228 1.228 1.228 1.228
 1.228 1.228 1.228 1.228 1.228 1.224 1.224 1.224 1.224 1.224 1.224 1.22
 1.22  1.22  1.22  1.22  1.22  1.22  1.22  1.22  1.22  1.22  1.22  1.22
 1.22  1.22  1.22  1.22  1.22  1.22  1.22  1.22  1.22  1.22  1.22  1.22
 1.22  1.22  1.22  1.22  1.22  1.22  1.22  1.22  1.22  1.22  1.208 1.208
 1.208 1.208 1.208 1.208 1.208 1.208 1.208 1.208 1.208 1.208 1.208 1.208
 1.208 1.208 1.208 1.208 1.208 1.208 1.208 1.208 1.208 1.208 1.204 1.204
 1.204 1.204 1.204 1.204 1.204 1.204 1.204 1.204 1.204 1.204 1.204 1.204
 1.204 1.204 1.204 1.204 1.204 1.204 1.204 1.204 1.204 1.204 1.204 1.204
 1.204 1.204 1.204 1.204 1.204 1.204 1.204 1.204 1.204 1.204 1.204 1.204
 1.204 1.204 1.204 1.204 1.204 1.204 1.204 1.204 1.204 1.204 1.204 1.204
 1.204 1.204 1.204 1.204 1.204 1.204 1.204 1.204 1.204 1.204 1.204 1.204
 1.192 1.192 1.192 1.192 1.192 1.192 1.192 1.192 1.192 1.192 1.192 1.192
 1.192 1.192 1.192 1.192 1.192 1.192 1.192 1.192 1.192 1.192 1.192 1.192
 1.192 1.192 1.192 1.192 1.192 1.192 1.192 1.192 1.192 1.192 1.192 1.192
 1.192 1.192 1.192 1.192 1.192 1.192 1.192 1.192 1.192 1.192 1.192 1.192
 1.192 1.192 1.192 1.192 1.192 1.192 1.192 1.192 1.192 1.192 1.192 1.192
 1.192 1.192 1.192 1.192 1.192 1.192 1.192 1.192 1.192 1.192 1.192 1.192
 1.192 1.192 1.192 1.192 1.192 1.192 1.192 1.192 1.192 1.192 1.192 1.192
 1.192 1.192 1.192 1.192 1.192 1.192 1.192 1.192 1.192 1.192 1.192 1.192
 1.192 1.192 1.192 1.192 1.192 1.192 1.192 1.192 1.192 1.192 1.192 1.192
 1.192 1.192 1.192 1.192 1.192 1.192 1.192 1.192 1.192 1.192 1.192 1.192
 1.192 1.192 1.192 1.192 1.192 1.192 1.192 1.192 1.192 1.192 1.192 1.188
 1.188 1.188 1.188 1.188 1.188 1.188 1.188 1.188 1.188 1.188 1.188 1.188
 1.188 1.188 1.188 1.188 1.188 1.188 1.188 1.188 1.188 1.188 1.188 1.188
 1.188 1.188 1.188 1.188 1.188 1.188 1.188 1.188 1.188 1.188 1.188 1.188
 1.188 1.188 1.188 1.188 1.188 1.188 1.188 1.188 1.188 1.188 1.188 1.188
 1.188 1.188 1.188 1.188 1.188 1.188 1.188 1.188 1.188 1.188 1.188 1.188
 1.188 1.188 1.188 1.188 1.188 1.188 1.188 1.188 1.188 1.188 1.188 1.188
 1.188 1.188 1.188 1.188 1.188 1.188 1.188 1.188 1.188 1.188 1.188 1.188
 1.188 1.188 1.188 1.188 1.188 1.188 1.188 1.188 1.188 1.188 1.188 1.188
 1.188 1.188 1.188 1.188 1.188 1.188 1.188 1.188 1.188 1.188 1.188 1.188
 1.188 1.188 1.188 1.188 1.188 1.188 1.188 1.188 1.188 1.188 1.188 1.188
 1.188 1.188 1.188 1.188 1.188 1.188 1.188 1.188 1.188 1.188 1.188 1.188
 1.188 1.188 1.188 1.188 1.188 1.188 1.188 1.188 1.188 1.188 1.188 1.188
 1.188 1.188 1.188 1.188 1.188 1.188 1.188 1.188 1.188 1.188 1.188 1.188
 1.188 1.188 1.188 1.188 1.188 1.188 1.188 1.188 1.188 1.188 1.188 1.188
 1.188 1.188 1.188 1.188 1.188 1.188 1.188 1.188 1.188 1.188 1.188 1.188
 1.188 1.188 1.188 1.188 1.188 1.188 1.188 1.188 1.188 1.188 1.188 1.188
 1.188 1.188 1.188 1.188 1.188 1.188 1.188 1.188 1.188 1.188 1.188 1.188
 1.188 1.188 1.188 1.188 1.188 1.188 1.188 1.188 1.188 1.188 1.188 1.188
 1.188 1.188 1.188 1.188 1.188 1.188 1.188 1.188 1.188 1.188 1.188 1.188
 1.188 1.188 1.188 1.188 1.188 1.188 1.188 1.188 1.188 1.188 1.188 1.188
 1.188 1.188 1.188 1.188 1.188 1.188 1.188 1.188 1.188 1.188 1.188 1.188
 1.188 1.188 1.188 1.188 1.188 1.188 1.188 1.188 1.188 1.188 1.188 1.188
 1.188 1.188 1.188 1.188 1.188 1.188 1.188 1.188 1.188 1.188 1.188 1.188
 1.188 1.188 1.188 1.188 1.188 1.188 1.188 1.188 1.188 1.188 1.188 1.188
 1.188 1.188 1.188 1.188 1.188 1.188 1.188 1.188 1.188 1.188 1.188 1.188
 1.188 1.188 1.188 1.188 1.188 1.188 1.188 1.188 1.188 1.188 1.188 1.188
 1.188 1.188 1.188 1.188]
[0.026696066983715506, 0.009546649987509294, 0.014540159764586152, 0.017819050363584943, 0.01766613918596674, 0.020808310399693927, 0.02064150212284116, 0.02218002630845866, 0.021997511978475392, 0.02038860660592728, 0.019897726279486008, 0.019897726279486008, 0.0219422278123645, 0.0219422278123645, 0.022071020084250204, 0.022071020084250204, 0.022071020084250204, 0.022071020084250204, 0.022071020084250204, 0.022071020084250204]
[0.4387254266622802, 0.40583740586594536, 0.24540578640284744, 0.1566652482205291, 0.061449165982948924, 0.11285388783732707, 0.135410487038486, 0.14998666607402134, 0.17951044537853503, 0.1734358671094304, 0.15869467539901902, 0.15869467539901902, 0.14998666607402142, 0.14998666607402142, 0.14675149062275314, 0.14675149062275314, 0.14675149062275314, 0.14675149062275314, 0.14675149062275314, 0.14675149062275314]
[0, 1, 0, 0, 0, 0, 0, 0, 0, 0, 2, 0, 0, 1, 1, 0]
3.6772590636597724
[0.3196959  0.31282805 0.30743139 0.2995709  0.29418473 0.28677004
 0.28166045 0.2780799  0.27254765 0.27069062 0.2681152  0.26241081
 0.25843929 0.25316673 0.24849848 0.24217176 0.23864167 0.2369935
 0.23410232 0.23268915 0.23200707 0.22710833 0.22435079 0.21965894
 0.2136154  0.21162411 0.20773831 0.20419068 0.20100721 0.19912754
 0.19714047 0.19353614 0.19066769 0.19066769 0.18913592 0.18640875
 0.18417468 0.18347011 0.18312641 0.18147588 0.18147588 0.17904293
 0.17680524 0.17435349 0.17435349 0.1725891  0.1725891  0.17105785
 0.1708886  0.16883682 0.16772346 0.16711103 0.16652316 0.16659024
 0.16538372 0.16466021 0.16350672 0.16329347 0.1625084  0.1625084
 0.1625084  0.16058239 0.15754144 0.15754144 0.15659926 0.15595189
 0.15569538 0.1555321  0.1555321  0.1555321  0.1555321  0.15617258
 0.15617258 0.15547313 0.1562323  0.1546558  0.15333955 0.15286732
 0.1516732  0.15051458 0.15051458 0.15011121 0.15029619 0.1504407
 0.14994626 0.14897715 0.14840069 0.14840069 0.14840069 0.14818776
 0.14797361 0.14772023 0.14772023 0.14701352 0.14682093 0.14639607
 0.14639607 0.14652745 0.14590273 0.1460566  0.1460566  0.14540299
 0.14512288 0.14557529 0.14557529 0.14502639 0.14455934 0.14537239
 0.14537239 0.14533666 0.14533666 0.14533666 0.14522872 0.14522872
 0.14606972 0.14606972 0.14606972 0.14678606 0.14678606 0.14678606
 0.14678606 0.14678606 0.14653957 0.14653957 0.14653957 0.14695203
 0.14695203 0.14631175 0.14631175 0.14631175 0.14631175 0.14642223
 0.14760864 0.14756483 0.14708024 0.14666098 0.14666098 0.14666098
 0.14666098 0.14656686 0.14656686 0.14672634 0.14672634 0.14598909
 0.14627405 0.14627405 0.14657742 0.14629422 0.14629422 0.14629422
 0.14629422 0.14664043 0.14664043 0.14664043 0.14664043 0.14664043
 0.14664043 0.14693691 0.14693363 0.14693363 0.14693363 0.14810534
 0.14828936 0.14828936 0.14828936 0.14828936 0.14828936 0.14895703
 0.14895703 0.14895703 0.14947318 0.14947318 0.14947318 0.14947318
 0.14947318 0.14947318 0.15022724 0.15018903 0.15018903 0.15018903
 0.15018903 0.15018903 0.14949639 0.14995491 0.15105743 0.15105743
 0.15111682 0.15111682 0.15111682 0.15111682 0.15114147 0.15114147
 0.15114147 0.15114147 0.15114147 0.15114147 0.15114147 0.15131241
 0.1514994  0.1514994  0.1514994  0.15174777 0.15174777 0.15174777
 0.15174777 0.15174777 0.15174777 0.15174777 0.15144381 0.15144381
 0.15144381 0.15144381 0.15196668 0.15215014 0.15260439 0.15260439
 0.15260439 0.15260439 0.15283969 0.15283969 0.15283969 0.15283969
 0.15286583 0.15286583 0.15286583 0.15286583 0.15286583 0.15286583
 0.15286583 0.15286583 0.15286583 0.15286583 0.15286583 0.15286583
 0.15281354 0.15281354 0.15267255 0.15267255 0.15267255 0.15267255
 0.15367836 0.15367836 0.15367836 0.15367836 0.15367836 0.15358686
 0.15358686 0.15358686 0.15358686 0.15358686 0.15358686 0.15373065
 0.15373065 0.15373065 0.15373065 0.1543332  0.15487016 0.15487016
 0.15487016 0.15487016 0.15487016 0.15487016 0.15487016 0.15543426
 0.15543426 0.15543426 0.15543426 0.15543426 0.15543426 0.15543426
 0.15543426 0.15543426 0.15543426 0.15543426 0.15543426 0.15606694
 0.15606694 0.15676076 0.15676076 0.15708232 0.15708232 0.15708232
 0.15708232 0.15708232 0.15708232 0.15708232 0.15708232 0.15708232
 0.15712154 0.15712154 0.15712154 0.15675553 0.15739605 0.15739605
 0.15739605 0.15739605 0.15739605 0.15739605 0.15739605 0.15739605
 0.15739605 0.15739605 0.15739605 0.15739605 0.15739605 0.15739605
 0.15739605 0.15739605 0.15739605 0.15739605 0.15739605 0.15761928
 0.15761928 0.1577138  0.1577138  0.1577138  0.1577138  0.1577138
 0.1577138  0.1577138  0.15809389 0.15809389 0.15809389 0.15809389
 0.1583684  0.1583684  0.1583684  0.1583684  0.1583684  0.15821254
 0.15821254 0.15821254 0.15821254 0.15821254 0.15821254 0.15821254
 0.15840862 0.15840862 0.15840862 0.15883999 0.15883999 0.15883999
 0.15883999 0.15883999 0.15883999 0.15883999 0.15883999 0.15883999
 0.15883999 0.15842655 0.15842655 0.15842655 0.15842655 0.15842655
 0.15842655 0.15842655 0.15842655 0.15842655 0.15842655 0.15842655
 0.15842655 0.15842655 0.15842655 0.15842655 0.15842655 0.15842655
 0.15842655 0.15842655 0.15842655 0.15842655 0.1589635  0.15931644
 0.15931644 0.15931644 0.15931644 0.15931644 0.15931644 0.15931644
 0.15931644 0.15931644 0.15931644 0.15931644 0.15931644 0.15931644
 0.15963017 0.15963017 0.15963017 0.15963017 0.15963017 0.15963017
 0.15963017 0.15963017 0.15963017 0.15963017 0.15963017 0.15963017
 0.15963017 0.15963017 0.15963017 0.15963017 0.15963017 0.15963017
 0.15963017 0.15963017 0.15963017 0.15963017 0.15963017 0.15963017
 0.15963017 0.15963017 0.15963017 0.15963017 0.15963017 0.15963017
 0.15963017 0.15963017 0.15963017 0.15963017 0.15963017 0.16082071
 0.16131745 0.16131745 0.16131745 0.16131745 0.16131745 0.16138381
 0.16138381 0.16138381 0.16138381 0.16138381 0.16138381 0.16138381
 0.16138381 0.16138381 0.16138381 0.16138381 0.16138381 0.16138381
 0.16138381 0.16138381 0.16138381 0.16138381 0.16138381 0.16138381
 0.16138381 0.16138381 0.16138381 0.16138381 0.16138381 0.16138381
 0.16138381 0.16166616 0.16166616 0.16166616 0.16166616 0.16166616
 0.16166616 0.16166616 0.16166616 0.16166616 0.16166616 0.16166616
 0.16166616 0.16166616 0.16166616 0.16182826 0.16182826 0.16182826
 0.16182826 0.16205148 0.16205148 0.16205148 0.16222142 0.16222142
 0.16222142 0.16222142 0.16222142 0.16222142 0.16222142 0.16222142
 0.16222142 0.16222142 0.16222142 0.16222142 0.16222142 0.16222142
 0.16222142 0.16222142 0.16296752 0.16296752 0.16296752 0.16296752
 0.16296752 0.16296752 0.16296752 0.16296752 0.16296752 0.16296752
 0.16296752 0.16296752 0.16296752 0.16296752 0.16296752 0.16296752
 0.16296752 0.16296752 0.16296752 0.16296752 0.16296752 0.16296752
 0.16296752 0.16296752 0.16296752 0.16296752 0.16296752 0.16296752
 0.16296752 0.16296752 0.16296752 0.16296752 0.16296752 0.16296752
 0.16296752 0.16296752 0.16296752 0.16296752 0.16296752 0.16296752
 0.16296752 0.16296752 0.16296752 0.16296752 0.16296752 0.16296752
 0.16296752 0.16296752 0.16296752 0.16296752 0.16296752 0.16296752
 0.16296752 0.16364726 0.16364726 0.16364726 0.16364726 0.16364726
 0.16364726 0.16364726 0.16364726 0.16364726 0.16364726 0.16364726
 0.16364726 0.16364726 0.16364726 0.16364726 0.16364726 0.16364726
 0.16364726 0.16364726 0.16364726 0.16364726 0.16364726 0.16364726
 0.16393786 0.16393786 0.16393786 0.16393786 0.16393786 0.16393786
 0.16393786 0.16393786 0.16393786 0.16393786 0.16393786 0.16393786
 0.16393786 0.16393786 0.16393786 0.16393786 0.16393786 0.16393786
 0.16393786 0.16393786 0.16393786 0.16393786 0.16393786 0.16393786
 0.16393786 0.16393786 0.16393786 0.16393786 0.16393786 0.16393786
 0.16393786 0.16393786 0.16393786 0.16393786 0.16393786 0.16393786
 0.16393786 0.16393786 0.16393786 0.16393786 0.16393786 0.16393786
 0.16393786 0.16393786 0.16393786 0.16393786 0.16511433 0.16511433
 0.16511433 0.16511433 0.16511433 0.16511433 0.16511433 0.16542805
 0.16542805 0.16542805 0.16542805 0.16542805 0.16542805 0.16542805
 0.16542805 0.16542805 0.16542805 0.16542805 0.16542805 0.16542805
 0.16542805 0.16542805 0.16542805 0.16542805 0.16542805 0.16542805
 0.16542805 0.16542805 0.16542805 0.16542805 0.16542805 0.16542805
 0.16542805 0.16542805 0.16542805 0.16542805 0.16542805 0.16542805
 0.16542805 0.16542805 0.16542805 0.16542805 0.16542805 0.16542805
 0.16542805 0.16542805 0.16542805 0.16525913 0.16525913 0.16525913
 0.16525913 0.16525913 0.16525913 0.16525913 0.16525913 0.16525913
 0.16525913 0.16525913 0.16525913 0.16525913 0.16525913 0.16525913
 0.16525913 0.16525913 0.16525913 0.16525913 0.16525913 0.16525913
 0.16525913 0.16525913 0.16525913 0.16525913 0.16525913 0.16525913
 0.16525913 0.16525913 0.16525913 0.16525913 0.16572971 0.16572971
 0.16572971 0.16572971 0.16572971 0.16572971 0.16572971 0.16572971
 0.16572971 0.16572971 0.16572971 0.16572971 0.16573072 0.16573072
 0.16573072 0.16573072 0.16573072 0.16573072 0.16573072 0.16573072
 0.16573072 0.16635817 0.16635817 0.16635817 0.16635817 0.16635817
 0.16635817 0.16635817 0.16635817 0.16635817 0.16635817 0.16635817
 0.16635817 0.16635817 0.16635817 0.16635817 0.16635817 0.16635817
 0.16635817 0.16635817 0.16635817 0.16635817 0.16635817 0.16635817
 0.16635817 0.16635817 0.16635817 0.16635817 0.16635817 0.16635817
 0.16635817 0.16635817 0.16635817 0.16635817 0.16635817 0.16635817
 0.16635817 0.16635817 0.16635817 0.16635817 0.16635817 0.16635817
 0.16635817 0.16635817 0.16635817 0.16635817 0.16635817 0.16635817
 0.16635817 0.16635817 0.16635817 0.16635817 0.16635817 0.16635817
 0.16635817 0.16635817 0.16635817 0.16635817 0.16635817 0.16635817
 0.16635817 0.16635817 0.16635817 0.16635817 0.16635817 0.16635817
 0.16635817 0.16635817 0.16635817 0.16635817 0.16635817 0.16635817
 0.16635817 0.16635817 0.16635817 0.16635817 0.16635817 0.16635817
 0.16671111 0.16671111 0.16671111 0.16671111 0.16671111 0.16671111
 0.16671111 0.16671111 0.16671111 0.16671111 0.16671111 0.16671111
 0.16671111 0.16671111 0.16671111 0.16671111 0.16671111 0.16671111
 0.16671111 0.16671111 0.16671111 0.16671111 0.16671111 0.16671111
 0.16671111 0.16671111 0.16671111 0.16671111 0.16671111 0.16671111
 0.16671111 0.16671111 0.16671111 0.16671111 0.16671111 0.16671111
 0.16671111 0.16671111 0.16671111 0.16671111 0.16671111 0.16671111
 0.16671111 0.16671111 0.16671111 0.16671111 0.16671111 0.16671111
 0.16671111 0.16671111 0.16671111 0.16671111 0.16671111 0.16671111
 0.16671111 0.16671111 0.16671111 0.16671111 0.16671111 0.16671111
 0.16671111 0.16671111 0.16671111 0.16671111 0.16671111 0.16671111
 0.16671111 0.16671111 0.16671111 0.16671111 0.16671111 0.16671111
 0.16671111 0.16671111 0.16671111 0.16671111 0.16671111 0.16671111
 0.16671111 0.16671111 0.16671111 0.16671111 0.16671111 0.16671111
 0.16671111 0.16671111 0.16671111 0.16671111 0.16671111 0.16671111
 0.16671111 0.16671111 0.16671111 0.16671111 0.16671111 0.16671111
 0.16671111 0.16671111 0.16671111 0.16671111 0.16671111 0.16671111
 0.16671111 0.16671111 0.16671111 0.16671111 0.16671111 0.16671111
 0.16671111 0.16671111 0.16671111 0.16671111 0.16671111 0.16671111
 0.16671111 0.16671111 0.16671111 0.16671111 0.16671111 0.16671111
 0.16671111 0.16671111 0.16671111 0.16671111 0.16671111 0.16671111
 0.16671111 0.16671111 0.16671111 0.16671111 0.16671111 0.16671111
 0.16671111 0.16671111 0.16671111 0.16671111 0.16671111 0.16671111
 0.16671111 0.16671111 0.16671111 0.16671111 0.16671111 0.16671111
 0.16671111 0.16671111 0.16671111 0.16671111 0.16671111 0.16671111
 0.16671111 0.16671111 0.16671111 0.16671111 0.16671111 0.16671111
 0.16671111 0.16671111 0.16671111 0.16671111 0.16671111 0.16671111
 0.16671111 0.16671111 0.16671111 0.16671111 0.16671111 0.16671111
 0.16671111 0.16671111 0.16671111 0.16671111 0.16671111 0.16671111
 0.16671111 0.16671111 0.16671111 0.16671111 0.16671111 0.16671111
 0.16671111 0.16671111 0.16671111 0.16671111 0.16671111 0.16671111
 0.16671111 0.16671111 0.16671111 0.16671111 0.16671111 0.16671111
 0.16671111 0.16671111 0.16671111 0.16671111 0.16671111 0.16671111
 0.16671111 0.16671111 0.16671111 0.16671111 0.16671111 0.16671111
 0.16671111 0.16671111 0.16671111 0.16671111 0.16671111 0.16671111
 0.16671111 0.16671111 0.16671111 0.16671111]
[7.844 7.712 7.6   7.44  7.328 7.184 7.076 6.988 6.868 6.804 6.72  6.556
 6.476 6.344 6.24  6.096 6.004 5.972 5.916 5.868 5.836 5.672 5.608 5.468
 5.288 5.212 5.124 5.024 4.924 4.796 4.712 4.628 4.584 4.584 4.512 4.392
 4.304 4.28  4.252 4.228 4.228 4.132 4.056 3.952 3.952 3.896 3.896 3.868
 3.864 3.74  3.66  3.636 3.568 3.516 3.488 3.46  3.412 3.404 3.364 3.364
 3.364 3.308 3.264 3.264 3.236 3.168 3.136 3.084 3.084 3.084 3.084 3.076
 3.076 3.036 3.032 2.996 2.952 2.936 2.88  2.732 2.732 2.72  2.712 2.696
 2.684 2.64  2.6   2.6   2.6   2.58  2.576 2.56  2.56  2.528 2.524 2.504
 2.504 2.5   2.432 2.428 2.428 2.376 2.312 2.296 2.296 2.284 2.26  2.212
 2.212 2.208 2.208 2.208 2.2   2.2   2.192 2.192 2.192 2.176 2.176 2.176
 2.176 2.176 2.132 2.132 2.132 2.124 2.124 2.112 2.112 2.112 2.112 2.092
 2.06  2.048 2.02  1.988 1.988 1.988 1.988 1.98  1.98  1.972 1.972 1.964
 1.96  1.96  1.956 1.936 1.936 1.936 1.936 1.928 1.928 1.928 1.928 1.928
 1.928 1.876 1.844 1.844 1.844 1.812 1.804 1.804 1.804 1.804 1.804 1.8
 1.8   1.8   1.788 1.788 1.788 1.788 1.788 1.788 1.772 1.768 1.768 1.768
 1.768 1.768 1.756 1.752 1.716 1.716 1.668 1.668 1.668 1.668 1.66  1.66
 1.66  1.66  1.66  1.66  1.66  1.656 1.64  1.64  1.64  1.636 1.636 1.636
 1.636 1.636 1.636 1.636 1.588 1.588 1.588 1.588 1.58  1.572 1.568 1.568
 1.568 1.568 1.512 1.512 1.512 1.512 1.508 1.508 1.508 1.508 1.508 1.508
 1.508 1.508 1.508 1.508 1.508 1.508 1.5   1.5   1.496 1.496 1.496 1.496
 1.412 1.412 1.412 1.412 1.412 1.408 1.408 1.408 1.408 1.408 1.408 1.4
 1.4   1.4   1.4   1.376 1.368 1.368 1.368 1.368 1.368 1.368 1.368 1.36
 1.36  1.36  1.36  1.36  1.36  1.36  1.36  1.36  1.36  1.36  1.36  1.336
 1.336 1.332 1.332 1.324 1.324 1.324 1.324 1.324 1.324 1.324 1.324 1.324
 1.32  1.32  1.32  1.3   1.296 1.296 1.296 1.296 1.296 1.296 1.296 1.296
 1.296 1.296 1.296 1.296 1.296 1.296 1.296 1.296 1.296 1.296 1.296 1.292
 1.292 1.28  1.28  1.28  1.28  1.28  1.28  1.28  1.276 1.276 1.276 1.276
 1.268 1.268 1.268 1.268 1.268 1.26  1.26  1.26  1.26  1.26  1.26  1.26
 1.256 1.256 1.256 1.252 1.252 1.252 1.252 1.252 1.252 1.252 1.252 1.252
 1.252 1.228 1.228 1.228 1.228 1.228 1.228 1.228 1.228 1.228 1.228 1.228
 1.228 1.228 1.228 1.228 1.228 1.228 1.228 1.228 1.228 1.228 1.224 1.216
 1.216 1.216 1.216 1.216 1.216 1.216 1.216 1.216 1.216 1.216 1.216 1.216
 1.212 1.212 1.212 1.212 1.212 1.212 1.212 1.212 1.212 1.212 1.212 1.212
 1.212 1.212 1.212 1.212 1.212 1.208 1.208 1.208 1.208 1.208 1.208 1.208
 1.208 1.208 1.208 1.208 1.208 1.208 1.208 1.208 1.208 1.208 1.208 1.196
 1.188 1.188 1.188 1.188 1.188 1.184 1.184 1.184 1.184 1.184 1.184 1.184
 1.184 1.184 1.184 1.184 1.184 1.184 1.184 1.184 1.184 1.184 1.184 1.184
 1.184 1.184 1.184 1.184 1.184 1.184 1.184 1.18  1.18  1.18  1.18  1.18
 1.18  1.18  1.18  1.18  1.18  1.18  1.18  1.18  1.18  1.176 1.176 1.176
 1.176 1.172 1.172 1.172 1.168 1.168 1.168 1.168 1.168 1.168 1.168 1.168
 1.168 1.168 1.168 1.168 1.168 1.168 1.168 1.168 1.164 1.164 1.164 1.164
 1.164 1.164 1.164 1.164 1.164 1.164 1.164 1.164 1.164 1.164 1.164 1.164
 1.164 1.164 1.164 1.164 1.164 1.164 1.164 1.164 1.164 1.164 1.164 1.164
 1.164 1.164 1.164 1.164 1.164 1.164 1.164 1.164 1.164 1.164 1.164 1.164
 1.164 1.164 1.164 1.164 1.164 1.164 1.164 1.164 1.164 1.164 1.164 1.164
 1.164 1.148 1.148 1.148 1.148 1.148 1.148 1.148 1.148 1.148 1.148 1.148
 1.148 1.148 1.148 1.148 1.148 1.148 1.148 1.148 1.148 1.148 1.148 1.148
 1.108 1.108 1.108 1.108 1.108 1.108 1.108 1.108 1.108 1.108 1.108 1.108
 1.108 1.108 1.108 1.108 1.108 1.108 1.108 1.108 1.108 1.108 1.108 1.108
 1.108 1.108 1.108 1.108 1.108 1.108 1.108 1.108 1.108 1.108 1.108 1.108
 1.108 1.108 1.108 1.108 1.108 1.108 1.108 1.108 1.108 1.108 1.104 1.104
 1.104 1.104 1.104 1.104 1.104 1.1   1.1   1.1   1.1   1.1   1.1   1.1
 1.1   1.1   1.1   1.1   1.1   1.1   1.1   1.1   1.1   1.1   1.1   1.1
 1.1   1.1   1.1   1.1   1.1   1.1   1.1   1.1   1.1   1.1   1.1   1.1
 1.1   1.1   1.1   1.1   1.1   1.1   1.1   1.1   1.1   1.096 1.096 1.096
 1.096 1.096 1.096 1.096 1.096 1.096 1.096 1.096 1.096 1.096 1.096 1.096
 1.096 1.096 1.096 1.096 1.096 1.096 1.096 1.096 1.096 1.096 1.096 1.096
 1.096 1.096 1.096 1.096 1.092 1.092 1.092 1.092 1.092 1.092 1.092 1.092
 1.092 1.092 1.092 1.092 1.088 1.088 1.088 1.088 1.088 1.088 1.088 1.088
 1.088 1.084 1.084 1.084 1.084 1.084 1.084 1.084 1.084 1.084 1.084 1.084
 1.084 1.084 1.084 1.084 1.084 1.084 1.084 1.084 1.084 1.084 1.084 1.084
 1.084 1.084 1.084 1.084 1.084 1.084 1.084 1.084 1.084 1.084 1.084 1.084
 1.084 1.084 1.084 1.084 1.084 1.084 1.084 1.084 1.084 1.084 1.084 1.084
 1.084 1.084 1.084 1.084 1.084 1.084 1.084 1.084 1.084 1.084 1.084 1.084
 1.084 1.084 1.084 1.084 1.084 1.084 1.084 1.084 1.084 1.084 1.084 1.084
 1.084 1.084 1.084 1.084 1.084 1.084 1.072 1.072 1.072 1.072 1.072 1.072
 1.072 1.072 1.072 1.072 1.072 1.072 1.072 1.072 1.072 1.072 1.072 1.072
 1.072 1.072 1.072 1.072 1.072 1.072 1.072 1.072 1.072 1.072 1.072 1.072
 1.072 1.072 1.072 1.072 1.072 1.072 1.072 1.072 1.072 1.072 1.072 1.072
 1.072 1.072 1.072 1.072 1.072 1.072 1.072 1.072 1.072 1.072 1.072 1.072
 1.072 1.072 1.072 1.072 1.072 1.072 1.072 1.072 1.072 1.072 1.072 1.072
 1.072 1.072 1.072 1.072 1.072 1.072 1.072 1.072 1.072 1.072 1.072 1.072
 1.072 1.072 1.072 1.072 1.072 1.072 1.072 1.072 1.072 1.072 1.072 1.072
 1.072 1.072 1.072 1.072 1.072 1.072 1.072 1.072 1.072 1.072 1.072 1.072
 1.072 1.072 1.072 1.072 1.072 1.072 1.072 1.072 1.072 1.072 1.072 1.072
 1.072 1.072 1.072 1.072 1.072 1.072 1.072 1.072 1.072 1.072 1.072 1.072
 1.072 1.072 1.072 1.072 1.072 1.072 1.072 1.072 1.072 1.072 1.072 1.072
 1.072 1.072 1.072 1.072 1.072 1.072 1.072 1.072 1.072 1.072 1.072 1.072
 1.072 1.072 1.072 1.072 1.072 1.072 1.072 1.072 1.072 1.072 1.072 1.072
 1.072 1.072 1.072 1.072 1.072 1.072 1.072 1.072 1.072 1.072 1.072 1.072
 1.072 1.072 1.072 1.072 1.072 1.072 1.072 1.072 1.072 1.072 1.072 1.072
 1.072 1.072 1.072 1.072 1.072 1.072 1.072 1.072 1.072 1.072 1.072 1.072
 1.072 1.072 1.072 1.072 1.072 1.072 1.072 1.072 1.072 1.072 1.072 1.072
 1.072 1.072 1.072 1.072]
[0.03511265218436721, 0.011118223850852343, 0.013059628437584452, 0.01771393494059975, 0.01951086726320752, 0.018867769043430307, 0.018222310762422166, 0.0181697919336611, 0.01790253223089084, 0.019445693532057738, 0.019431946618561763, 0.01943514014837846, 0.019621741597035263, 0.0214527714454842, 0.021850111104767856, 0.022319027286715715, 0.02260914307135009, 0.02260914307135009, 0.02260914307135009, 0.02260914307135009]
[0.646887934653291, 0.39028194936481486, 0.27088004725339215, 0.2633324894501246, 0.23186202793903102, 0.18787229705307806, 0.1298614646459834, 0.1135605565326271, 0.1156546583584077, 0.1155162326255492, 0.10537551897855592, 0.11906300852909774, 0.08255906976220116, 0.0848528137423857, 0.06997142273814358, 0.07088018058667737, 0.07858753081755399, 0.07858753081755399, 0.07858753081755399, 0.07858753081755399]
[0, 0, 1, 0, 0, 0, 1, 1, 1, 0, 1, 0, 0, 0, 0, 0]
3.535511254338234
