[0.5]
[0.18705196337478952]
[0.01492481155659932]
[0.717414191419142]
[1.0065]
[3.0]
[[[0.01, 0.02, 0.02, 0.95], [0.01, 0.02, 0.27, 0.7], [0.02, 0.46, 0.52], [0.01, 0.02, 0.02, 0.02, 0.04, 0.1, 0.79], [0.01, 0.01, 0.01, 0.02, 0.11, 0.84], [0.33, 0.67], [0.43, 0.57], [0.07, 0.16, 0.77], [0.46, 0.54], [0.05, 0.95], [0.01, 0.16, 0.83], [0.02, 0.13, 0.85], [0.02, 0.98], [0.01, 0.01, 0.98], [1.0], [0.01, 0.99], [0.01, 0.4, 0.59], [0.1, 0.42, 0.48], [0.02, 0.03, 0.95], [0.19, 0.81]]]
[0.5679365079365079]
[[...]]
[0.1395050730507801]
