[ 0.35117626  0.34167206  0.33335389 ...,  0.88407843  0.88407843
  0.88407843]
[ 8.398  8.248  8.088 ...,  1.002  1.002  1.002]
[0.057909802991986309, 0.023383528543375772, 0.042969167300574027, 0.072485954766712227, 0.10273802760534688, 0.14098553726245885, 0.16410266929538736, 0.14931920673946444, 0.13362471307277823, 0.12260112251874086, 0.12577773430441194, 0.12972326740158874, 0.12972326740158874, 0.12972326740158874, 0.12972326740158874, 0.12972326740158874, 0.12972326740158874, 0.12969703554967216, 0.12969703554967216, 0.12969703554967216]
[1.0380154141437399, 0.62130185900253032, 0.58944041259486091, 0.493432872840876, 0.33752629527193873, 0.25691243644479339, 0.24216523284732677, 0.15021318184500318, 0.12289833196589771, 0.052952809179494888, 0.018439088914585792, 0.0080000000000000071, 0.0080000000000000071, 0.0080000000000000071, 0.0080000000000000071, 0.0080000000000000071, 0.0080000000000000071, 0.0060000000000000045, 0.0060000000000000045, 0.0060000000000000045]
[0, 2, 1, 2, 0, 0, 1, 0, 0, 0, 1, 1, 0, 0, 1, 1]
10.807548065666197
[ 0.36586293  0.35583621  0.34827697 ...,  0.86831373  0.86831373
  0.86831373]
[ 8.624  8.462  8.322 ...,  1.     1.     1.   ]
[0.038683196892394925, 0.010832258648708806, 0.05462823841048365, 0.14332832783988197, 0.21830876500586843, 0.25773099321394582, 0.23860375462138944, 0.21322828956617018, 0.18646568380456452, 0.16840923409027866, 0.16193410500480207, 0.15749732426646407, 0.15749732426646407, 0.15253861550286521, 0.15253861550286521, 0.15253861550286521, 0.15253861550286521, 0.15253861550286521, 0.15253861550286521, 0.15253861550286521]
[0.66925630366848265, 0.50017996761165873, 0.37606382437027891, 0.46413791053952913, 0.39420299339299802, 0.37719490982779713, 0.22905021283552657, 0.11285388783732707, 0.10057832768544125, 0.041424630354415938, 0.020493901531919215, 0.012000000000000011, 0.012000000000000011, 0.0, 0.0, 0.0, 0.0, 0.0, 0.0, 0.0]
[0, 1, 1, 1, 0, 1, 0, 3, 0, 0, 1, 1, 0, 0, 1, 0]
12.903091912801756
[ 0.34211053  0.33372405  0.32906978 ...,  0.87239216  0.87239216
  0.87239216]
[ 8.31   8.166  8.072 ...,  1.006  1.006  1.006]
[0.040985967496118693, 0.024394770293392046, 0.03296930775684398, 0.056329312535724513, 0.12101698719019077, 0.17540434472124125, 0.1855762633961463, 0.17914204626846644, 0.16935322154773641, 0.15669564138552011, 0.14798154440869465, 0.14408648455937753, 0.14433341724134577, 0.14289690268915753, 0.14276925027305218, 0.14276925027305218, 0.14109095449193887, 0.14115575011341455, 0.14115575011341455, 0.14102652167395885]
[0.74098582982402594, 0.61371328810772874, 0.36047191291416869, 0.28551707479588678, 0.16381697103780185, 0.10590561835898982, 0.12975361266646876, 0.060133185513491616, 0.087635609200826581, 0.049152822909778016, 0.039191835884530887, 0.021540659228538036, 0.016000000000000014, 0.0080000000000000071, 0.018330302779823379, 0.018330302779823379, 0.018000000000000016, 0.0060000000000000045, 0.0060000000000000045, 0.018000000000000016]
[2, 0, 0, 0, 0, 2, 1, 0, 1, 1, 0, 1, 2, 0, 0, 0]
11.2558571883892
[ 0.36903169  0.36141028  0.35972407 ...,  0.82745098  0.82745098
  0.82745098]
[ 8.75   8.614  8.564 ...,  1.012  1.012  1.012]
[0.032595105454745199, 0.015758249117821109, 0.029119690132539077, 0.044535932633941649, 0.049822490204699643, 0.05503163477206692, 0.12357776710311739, 0.16523890603403454, 0.18140837484011013, 0.1934898680002482, 0.19057094921474385, 0.19368453299414107, 0.19953767915621878, 0.20061812336828233, 0.19898631615687926, 0.19933393125013996, 0.20045384875952552, 0.20066510324451214, 0.19954304198727735, 0.19747035752029371]
[0.56563238945449379, 0.64771598714251299, 0.38541406305426884, 0.3565445273735105, 0.20747047982785402, 0.21586106642931235, 0.14844527611210806, 0.12191800523302536, 0.10650821564555478, 0.086810137656842798, 0.069426219830839103, 0.050793700396801172, 0.053254107822777376, 0.071582120672693123, 0.059632206063502287, 0.029933259094191558, 0.029933259094191558, 0.012806248474865708, 0.035832945734337866, 0.02408318915758461]
[2, 1, 1, 0, 0, 0, 0, 2, 0, 0, 1, 0, 0, 1, 1, 1]
11.68345108610447
