[0.3227198  0.31514326 0.30698632 ... 0.14478876 0.14478876 0.14478876]
[16.0394 15.7658 15.4634 ...  1.049   1.049   1.049 ]
[0.03553301284403192, 0.01273455262251898, 0.018043294668284752, 0.021371219002921975, 0.023011501643657305, 0.023576391078197104, 0.02384697045098893, 0.02466873573709189, 0.024933067190429394, 0.025002520014276577, 0.02513865550384004, 0.02507641111491916, 0.025222285002450478, 0.025249461833760565, 0.025183439145280578, 0.02514318560752583, 0.025152439098863947, 0.025066125373307067, 0.025076241867586457, 0.025002195841810154, 0.025012063692719737, 0.024996391966249268, 0.024974776608511353, 0.02500414064595844, 0.024887432813154916, 0.02490040251896324, 0.024888436484601466, 0.024856936257086366, 0.024875538291605027, 0.024875538291605027, 0.024878439085391967, 0.02487508461960997, 0.024857760405243172, 0.024843952479002434, 0.02483431135091637, 0.02483431135091637, 0.02483431135091637, 0.02484738865975703, 0.02484738865975703, 0.02484738865975703]
[1.2453415756329667, 0.8107818202204586, 0.5356379000780284, 0.31354106589089736, 0.2108719990894951, 0.18703967493556004, 0.13779462979376228, 0.11310172412478951, 0.10346477661503939, 0.0888276983828805, 0.0856373750181543, 0.08199390221229867, 0.07746379799622531, 0.07580897044545583, 0.07285712044817583, 0.07014385218962527, 0.06848620299009135, 0.06669332800213226, 0.06776990482507704, 0.06691457240392411, 0.06655043200460833, 0.06578753681359412, 0.06372785890017019, 0.06394341248322612, 0.0640159355160885, 0.06391838546146175, 0.06339053557117183, 0.06009991680526688, 0.059958318855685054, 0.059958318855685054, 0.059700586261778044, 0.05953788709720895, 0.05954863558470502, 0.059024062889638546, 0.05881632426461212, 0.05881632426461212, 0.05881632426461212, 0.058949130612758, 0.058949130612758, 0.058949130612758]
[7, 5, 2, 3, 3, 3, 3, 0, 3, 2, 3, 4, 4, 5, 2, 1, 1, 3, 3, 6, 2, 3, 3, 2, 4, 1, 4, 6, 4, 3, 2, 3]
132.73763641939877
[0.32960091 0.32152882 0.31357558 ... 0.14931563 0.14931563 0.14931563]
[16.2676 15.9812 15.6872 ...  1.045   1.045   1.045 ]
[0.03475386866201786, 0.0142908245336267, 0.02158738392527832, 0.027666003934653658, 0.030654488022089383, 0.03231169021928813, 0.03271821348977896, 0.033374986766226356, 0.03357978645524298, 0.03372793167677391, 0.033488698811148715, 0.033422925230512567, 0.0334565631623115, 0.0334421013144676, 0.033288392251039245, 0.033234036361469474, 0.03321666059558953, 0.03320282496154296, 0.03318254635481581, 0.0331144327088401, 0.03309861024783656, 0.033065714982346596, 0.03304356425920651, 0.033045025024078335, 0.03300678410913392, 0.033091694749744015, 0.03300011941377627, 0.03297461355291582, 0.03297461355291582, 0.03296196608601506, 0.0329627362303878, 0.03296413400880431, 0.03300221041267956, 0.03298233868096468, 0.03298233868096468, 0.03297967074045145, 0.03296835835907579, 0.032959809248781786, 0.032959809248781786, 0.03295955357452592]
[1.204480900637283, 0.8423529901413065, 0.45242015870206304, 0.32597490700972664, 0.2197030723499333, 0.15897370851810688, 0.13839234082852994, 0.11004199198487824, 0.10332473082471588, 0.10443294499342629, 0.10120770721639731, 0.09632362119438824, 0.08599162749942574, 0.08627861844049194, 0.07040767003672257, 0.07059745037889115, 0.06887989547030393, 0.0679938232488805, 0.06671251756604601, 0.06547396429115929, 0.06486262406039398, 0.06511036783800259, 0.0652184023110042, 0.06402343321003649, 0.06408088638587953, 0.06422585149299305, 0.06267375846396962, 0.06244709761069768, 0.06244709761069768, 0.06244997998398398, 0.06238461348762212, 0.06231661094764381, 0.05442205435299186, 0.05461721340383449, 0.05461721340383449, 0.05467686896668462, 0.05466260147486582, 0.054631858837129114, 0.054631858837129114, 0.05393477542365409]
[2, 1, 7, 6, 4, 3, 2, 1, 5, 3, 2, 7, 6, 4, 2, 3, 2, 3, 3, 2, 3, 4, 4, 3, 0, 3, 3, 1, 4, 0, 3, 4]
134.0865801639302
