[0.5]
[0.0]
[0.0]
[0.9233663366336634]
[1.0]
[3.0]
[[[0.01, 0.03, 0.96]]]
[0.5]
[[...]]
[0.0]
[0.5]
[0.0]
[0.0]
[0.8213861386138613]
[1.0]
[3.0]
[[[0.04, 0.07, 0.89]]]
[0.3333333333333333]
[[...]]
[0.0]
[0.5]
[0.0]
[0.0]
[0.5475907590759076]
[1.04]
[6.0]
[[[0.02, 0.02, 0.02, 0.03, 0.16, 0.75]]]
[0.19047619047619047]
[[...]]
[0.0]
[0.5]
[0.0]
[0.0]
[0.5104950495049505]
[1.0]
[2.0]
[[[0.39, 0.61]]]
[0.3333333333333333]
[[...]]
[0.0]
[0.5]
[0.0]
[0.0]
[0.5223762376237624]
[1.0]
[3.0]
[[[0.06, 0.28, 0.66]]]
[0.5]
[[...]]
[0.0]
[0.5]
[0.0]
[0.0]
[0.9602020202020202]
[1.0]
[3.0]
[[[0.01, 0.01, 0.98]]]
[0.0]
[[...]]
[0.0]
