[0.34133083 0.34249265 0.32948477 0.32438289 0.32337705 0.3212124
 0.31909571 0.31528839 0.31255521 0.30676363 0.30256675 0.30637265
 0.30200965 0.29818621 0.29319418 0.28749165 0.27789412 0.27185474
 0.26859292 0.26696374 0.25909833 0.25951205 0.25927666 0.25669769
 0.2532712  0.24946168 0.24441186 0.24068511 0.23555791 0.23181098
 0.23075328 0.22956739 0.22878477 0.22794197 0.22583471 0.22552797
 0.22347172 0.22294283 0.2192289  0.21345715 0.21198964 0.21380997
 0.21524198 0.2125688  0.20788002 0.20492913 0.20138067 0.20267325
 0.19887944 0.19960807 0.20136988 0.20362951 0.20534613 0.20241993
 0.20542991 0.20194128 0.20555463 0.20595939 0.20295089 0.2052723
 0.20543546 0.20449654 0.20838431 0.20785502 0.20882441 0.21023587
 0.21261401 0.21474244 0.2138381  0.21865094 0.21631749 0.21637326
 0.21368927 0.21596592 0.21856396 0.22008288 0.22225324 0.2216565
 0.22265631 0.22148513 0.22341042 0.22462026 0.22603386 0.22939657
 0.22984234 0.23153801 0.22975517 0.22975132 0.2300215  0.23249258
 0.2349451  0.23715798 0.24121199 0.24349315 0.24510793 0.24470903
 0.24848472 0.24907485 0.25417109 0.25580826 0.25492587 0.25467184
 0.2594962  0.26097818 0.26542463 0.26692174 0.27006069 0.26993609
 0.27401266 0.27342235 0.27905836 0.28011816 0.28554339 0.28788506
 0.29041182 0.29723522 0.30217001 0.30429184 0.30835433 0.30704402
 0.30788537 0.31026037 0.31133551 0.31358642 0.31845004 0.32098217
 0.3224369  0.32497819 0.32499005 0.32928738 0.33279639 0.33120097
 0.33185461 0.33180989 0.33482996 0.33449094 0.33600944 0.33736882
 0.33969689 0.33842442 0.33727789 0.34020271 0.34419287 0.35263729
 0.36084001 0.36766171 0.3701166  0.36615108 0.36756452 0.37660858
 0.38408228 0.38376424 0.38590839 0.38949685 0.39089524 0.39293028
 0.40031724 0.40744069 0.4094258  0.4138807  0.41807073 0.42601884
 0.42485682 0.42794255 0.43241469 0.43968546 0.44647904 0.44975865
 0.45230195 0.45190332 0.4518599  0.45450036 0.45585644 0.46502683
 0.46496102 0.46631337 0.47018364 0.46961343 0.47215402 0.47488006
 0.47874594 0.48071617 0.4815151  0.4836295  0.48781713 0.49069344
 0.49479633 0.5013272  0.50216733 0.50907532 0.51179986 0.51529558
 0.51706041 0.5238032  0.52304211 0.52452888 0.53084155 0.53176368
 0.53717868 0.54074008 0.54856025 0.55050778 0.55082791 0.55670074
 0.56627006 0.57115944 0.56470684 0.56813521 0.57295942 0.5838188
 0.58870371 0.59041264 0.59223667 0.59207526 0.59425391 0.59771865
 0.60491118 0.61129226 0.61571385 0.61913807 0.6201662  0.62139509
 0.62139509 0.62536969 0.62713097 0.63056527 0.63029644 0.63330266
 0.63542626 0.63542626 0.6351507  0.63759533 0.6489487  0.65049511
 0.65789511 0.66336541 0.66802928 0.67363326 0.67363326 0.67286115
 0.67967236 0.68020525 0.68472246 0.68721876 0.70051089 0.7036314
 0.70942212 0.71332607 0.71405922 0.71367491 0.71948144 0.72212981
 0.72437077 0.72674811 0.72674811 0.72659691 0.7279041  0.72431107
 0.73095026 0.73564743 0.73767009 0.74275854 0.7434226  0.74664961
 0.75622172 0.75946181 0.76235593 0.76255724 0.76166835 0.76802565
 0.773878   0.7824793  0.78281394 0.78746928 0.79242876 0.7976854
 0.80418998 0.80643312 0.80742135 0.80993551 0.80997473 0.81494205
 0.82282004 0.82900741 0.83416209 0.83416209 0.83382222 0.83472418
 0.8352732  0.83702484 0.83865882 0.84684183 0.84712941 0.84848889
 0.84848889 0.84658039 0.84822745 0.84822745 0.84953464 0.85295948
 0.85675033 0.85873725 0.86217081 0.86348148 0.86562527 0.86711547
 0.86852723 0.86891939 0.87260566 0.87681046 0.87786928 0.8800915
 0.88013072 0.8823268  0.88670588 0.88398693 0.88521569 0.88498039
 0.88684967 0.88684967 0.89368192 0.89457081 0.89637473 0.89747277
 0.89747277 0.89747277 0.89872767 0.89872767 0.90134205 0.9016122
 0.9028671  0.90494553 0.90648802 0.90634423 0.90634423 0.90640959
 0.90640959 0.90640959 0.90350763 0.91214379 0.91426144 0.91810458
 0.91904575 0.91904575 0.92014379 0.92222222 0.92222222 0.92305882
 0.92433987 0.92577778 0.92577778 0.92577778 0.92577778 0.92577778
 0.92577778 0.92577778 0.92687582 0.92687582 0.92844444 0.92844444
 0.93052288 0.93052288 0.93230065 0.93458824 0.93657516 0.9390719
 0.94040523 0.94244444 0.94393464 0.94393464 0.94597386 0.94597386
 0.94921569 0.95061438 0.95061438 0.95291503 0.95291503 0.95537255
 0.95798693 0.96075817 0.96075817 0.96075817 0.96075817 0.96075817
 0.96075817 0.96075817 0.96075817 0.96075817 0.96146405 0.96436601
 0.96436601 0.96742484 0.96742484 0.96742484 0.96742484 0.96742484
 0.96742484 0.96742484 0.96742484 0.96742484 0.96742484 0.96376471
 0.96376471 0.96454902 0.96454902 0.96454902 0.96454902 0.96776471
 0.96776471 0.96776471 0.96776471 0.96776471 0.96776471 0.96776471
 0.96776471 0.96776471 0.96776471 0.96776471 0.96776471 0.97064052
 0.9736732  0.9736732  0.9736732  0.97443137 0.97443137 0.97746405
 0.97746405 0.98065359 0.984      0.984      0.984      0.984
 0.984      0.984      0.984      0.984      0.98750327 0.98750327
 0.98750327 0.9911634  0.9911634  0.9911634  0.9911634  0.9911634
 0.9911634  0.9911634  0.9911634  0.99615686 0.99615686 0.99615686
 0.99615686 1.         1.         1.         1.         1.
 1.         1.         1.         1.         1.         1.
 1.         1.         1.         1.         1.         1.
 1.         1.         1.         1.         1.         1.
 1.         1.         1.         1.         1.         1.
 1.         1.         1.         1.         1.         1.
 1.         1.         1.         1.         1.         1.
 1.         1.         1.         1.         1.         1.
 1.         1.         1.         1.         1.         1.
 1.         1.         1.         1.         1.         1.
 1.         1.         1.         1.         1.         1.
 1.         1.         1.         1.         1.         1.
 1.         1.         1.         1.         1.         1.
 1.         1.         1.         1.         1.         1.
 1.         1.         1.         1.         1.         1.
 1.         1.         1.         1.         1.         1.
 1.         1.         1.         1.         1.         1.
 1.         1.         1.         1.         1.         1.
 1.         1.         1.         1.         1.         1.
 1.         1.         1.         1.         1.         1.
 1.         1.         1.         1.         1.         1.
 1.         1.         1.         1.         1.         1.
 1.         1.         1.         1.         1.         1.
 1.         1.         1.         1.         1.         1.
 1.         1.         1.         1.         1.         1.
 1.         1.         1.         1.         1.         1.
 1.         1.         1.         1.         1.         1.
 1.         1.         1.         1.         1.         1.
 1.         1.         1.         1.         1.         1.
 1.         1.         1.         1.         1.         1.
 1.         1.         1.         1.         1.         1.
 1.         1.         1.         1.         1.         1.
 1.         1.         1.         1.         1.         1.
 1.         1.         1.         1.         1.         1.
 1.         1.         1.         1.         1.         1.
 1.         1.         1.         1.         1.         1.
 1.         1.         1.         1.         1.         1.
 1.         1.         1.         1.         1.         1.
 1.         1.         1.         1.         1.         1.
 1.         1.         1.         1.         1.         1.
 1.         1.         1.         1.         1.         1.
 1.         1.         1.         1.         1.         1.
 1.         1.         1.         1.         1.         1.
 1.         1.         1.         1.         1.         1.
 1.         1.         1.         1.         1.         1.
 1.         1.         1.         1.         1.         1.
 1.         1.         1.         1.         1.         1.
 1.         1.         1.         1.         1.         1.
 1.         1.         1.         1.         1.         1.
 1.         1.         1.         1.         1.         1.
 1.         1.         1.         1.         1.         1.
 1.         1.         1.         1.         1.         1.
 1.         1.         1.         1.         1.         1.
 1.         1.         1.         1.         1.         1.
 1.         1.         1.         1.         1.         1.
 1.         1.         1.         1.         1.         1.
 1.         1.         1.         1.         1.         1.
 1.         1.         1.         1.         1.         1.
 1.         1.         1.         1.         1.         1.
 1.         1.         1.         1.         1.         1.
 1.         1.         1.         1.         1.         1.
 1.         1.         1.         1.         1.         1.
 1.         1.         1.         1.         1.         1.
 1.         1.         1.         1.         1.         1.
 1.         1.         1.         1.         1.         1.
 1.         1.         1.         1.         1.         1.
 1.         1.         1.         1.         1.         1.
 1.         1.         1.         1.         1.         1.
 1.         1.         1.         1.         1.         1.
 1.         1.         1.         1.         1.         1.
 1.         1.         1.         1.         1.         1.
 1.         1.         1.         1.         1.         1.
 1.         1.         1.         1.         1.         1.
 1.         1.         1.         1.         1.         1.
 1.         1.         1.         1.         1.         1.
 1.         1.         1.         1.         1.         1.
 1.         1.         1.         1.         1.         1.
 1.         1.         1.         1.         1.         1.
 1.         1.         1.         1.         1.         1.
 1.         1.         1.         1.         1.         1.
 1.         1.         1.         1.         1.         1.
 1.         1.         1.         1.         1.         1.
 1.         1.         1.         1.         1.         1.
 1.         1.         1.         1.         1.         1.
 1.         1.         1.         1.         1.         1.
 1.         1.         1.         1.         1.         1.
 1.         1.         1.         1.         1.         1.
 1.         1.         1.         1.         1.         1.
 1.         1.         1.         1.         1.         1.
 1.         1.         1.         1.         1.         1.
 1.         1.         1.         1.         1.         1.
 1.         1.         1.         1.        ]
[8.336 8.348 8.112 8.04  7.992 7.932 7.904 7.808 7.736 7.632 7.544 7.588
 7.468 7.384 7.28  7.14  6.912 6.772 6.696 6.664 6.472 6.468 6.392 6.304
 6.24  6.128 5.972 5.852 5.712 5.624 5.62  5.584 5.552 5.516 5.432 5.396
 5.304 5.272 5.16  4.94  4.88  4.88  4.892 4.78  4.656 4.54  4.432 4.432
 4.292 4.276 4.224 4.22  4.264 4.136 4.168 4.064 4.072 4.052 3.96  3.976
 3.968 3.844 3.936 3.804 3.716 3.688 3.772 3.748 3.704 3.708 3.656 3.596
 3.528 3.524 3.552 3.504 3.532 3.548 3.476 3.416 3.368 3.276 3.316 3.4
 3.332 3.268 3.208 3.216 3.204 3.188 3.184 3.14  3.1   3.048 2.984 2.944
 3.052 3.02  3.02  2.98  2.996 2.94  2.964 2.928 2.948 2.948 2.868 2.808
 2.804 2.78  2.888 2.884 2.868 2.884 2.892 2.848 2.88  2.884 2.904 2.868
 2.888 2.928 2.868 2.82  2.748 2.772 2.764 2.652 2.648 2.668 2.696 2.724
 2.708 2.636 2.628 2.6   2.596 2.552 2.6   2.572 2.56  2.508 2.492 2.46
 2.396 2.412 2.432 2.48  2.472 2.456 2.392 2.364 2.384 2.392 2.352 2.308
 2.312 2.308 2.276 2.284 2.316 2.312 2.304 2.292 2.268 2.28  2.216 2.232
 2.244 2.22  2.22  2.212 2.216 2.208 2.192 2.188 2.152 2.104 2.064 2.088
 2.096 2.06  2.04  2.012 2.02  2.036 2.012 2.02  2.004 1.976 1.924 1.88
 1.896 1.92  1.896 1.888 1.884 1.892 1.904 1.928 1.92  1.932 1.928 1.944
 1.932 1.932 1.948 1.924 1.904 1.888 1.844 1.86  1.852 1.84  1.848 1.816
 1.76  1.704 1.692 1.684 1.672 1.66  1.66  1.652 1.672 1.652 1.708 1.668
 1.632 1.632 1.648 1.652 1.6   1.584 1.588 1.532 1.536 1.532 1.532 1.524
 1.484 1.476 1.472 1.472 1.48  1.464 1.46  1.444 1.428 1.42  1.4   1.392
 1.4   1.416 1.416 1.404 1.412 1.412 1.368 1.356 1.328 1.316 1.344 1.352
 1.348 1.356 1.348 1.34  1.328 1.308 1.296 1.28  1.276 1.276 1.256 1.256
 1.252 1.264 1.252 1.236 1.224 1.228 1.232 1.232 1.22  1.22  1.216 1.204
 1.196 1.204 1.192 1.18  1.176 1.184 1.184 1.18  1.188 1.188 1.204 1.196
 1.192 1.2   1.192 1.188 1.2   1.196 1.204 1.196 1.192 1.184 1.176 1.168
 1.164 1.172 1.164 1.156 1.152 1.148 1.14  1.14  1.124 1.12  1.116 1.112
 1.112 1.112 1.108 1.108 1.1   1.088 1.096 1.092 1.1   1.112 1.112 1.108
 1.108 1.108 1.104 1.08  1.088 1.084 1.08  1.08  1.076 1.072 1.072 1.08
 1.076 1.072 1.072 1.072 1.072 1.072 1.072 1.072 1.08  1.08  1.076 1.076
 1.072 1.072 1.068 1.064 1.06  1.056 1.064 1.06  1.068 1.068 1.064 1.064
 1.056 1.052 1.052 1.048 1.048 1.044 1.04  1.036 1.036 1.036 1.036 1.036
 1.036 1.036 1.036 1.036 1.044 1.04  1.04  1.036 1.036 1.036 1.036 1.036
 1.036 1.036 1.036 1.036 1.036 1.028 1.028 1.036 1.036 1.036 1.036 1.032
 1.032 1.032 1.032 1.032 1.032 1.032 1.032 1.032 1.032 1.032 1.032 1.028
 1.024 1.024 1.024 1.032 1.032 1.028 1.028 1.024 1.02  1.02  1.02  1.02
 1.02  1.02  1.02  1.02  1.016 1.016 1.016 1.012 1.012 1.012 1.012 1.012
 1.012 1.012 1.012 1.004 1.004 1.004 1.004 1.    1.    1.    1.    1.
 1.    1.    1.    1.    1.    1.    1.    1.    1.    1.    1.    1.
 1.    1.    1.    1.    1.    1.    1.    1.    1.    1.    1.    1.
 1.    1.    1.    1.    1.    1.    1.    1.    1.    1.    1.    1.
 1.    1.    1.    1.    1.    1.    1.    1.    1.    1.    1.    1.
 1.    1.    1.    1.    1.    1.    1.    1.    1.    1.    1.    1.
 1.    1.    1.    1.    1.    1.    1.    1.    1.    1.    1.    1.
 1.    1.    1.    1.    1.    1.    1.    1.    1.    1.    1.    1.
 1.    1.    1.    1.    1.    1.    1.    1.    1.    1.    1.    1.
 1.    1.    1.    1.    1.    1.    1.    1.    1.    1.    1.    1.
 1.    1.    1.    1.    1.    1.    1.    1.    1.    1.    1.    1.
 1.    1.    1.    1.    1.    1.    1.    1.    1.    1.    1.    1.
 1.    1.    1.    1.    1.    1.    1.    1.    1.    1.    1.    1.
 1.    1.    1.    1.    1.    1.    1.    1.    1.    1.    1.    1.
 1.    1.    1.    1.    1.    1.    1.    1.    1.    1.    1.    1.
 1.    1.    1.    1.    1.    1.    1.    1.    1.    1.    1.    1.
 1.    1.    1.    1.    1.    1.    1.    1.    1.    1.    1.    1.
 1.    1.    1.    1.    1.    1.    1.    1.    1.    1.    1.    1.
 1.    1.    1.    1.    1.    1.    1.    1.    1.    1.    1.    1.
 1.    1.    1.    1.    1.    1.    1.    1.    1.    1.    1.    1.
 1.    1.    1.    1.    1.    1.    1.    1.    1.    1.    1.    1.
 1.    1.    1.    1.    1.    1.    1.    1.    1.    1.    1.    1.
 1.    1.    1.    1.    1.    1.    1.    1.    1.    1.    1.    1.
 1.    1.    1.    1.    1.    1.    1.    1.    1.    1.    1.    1.
 1.    1.    1.    1.    1.    1.    1.    1.    1.    1.    1.    1.
 1.    1.    1.    1.    1.    1.    1.    1.    1.    1.    1.    1.
 1.    1.    1.    1.    1.    1.    1.    1.    1.    1.    1.    1.
 1.    1.    1.    1.    1.    1.    1.    1.    1.    1.    1.    1.
 1.    1.    1.    1.    1.    1.    1.    1.    1.    1.    1.    1.
 1.    1.    1.    1.    1.    1.    1.    1.    1.    1.    1.    1.
 1.    1.    1.    1.    1.    1.    1.    1.    1.    1.    1.    1.
 1.    1.    1.    1.    1.    1.    1.    1.    1.    1.    1.    1.
 1.    1.    1.    1.    1.    1.    1.    1.    1.    1.    1.    1.
 1.    1.    1.    1.    1.    1.    1.    1.    1.    1.    1.    1.
 1.    1.    1.    1.    1.    1.    1.    1.    1.    1.    1.    1.
 1.    1.    1.    1.    1.    1.    1.    1.    1.    1.    1.    1.
 1.    1.    1.    1.    1.    1.    1.    1.    1.    1.    1.    1.
 1.    1.    1.    1.    1.    1.    1.    1.    1.    1.    1.    1.
 1.    1.    1.    1.    1.    1.    1.    1.    1.    1.    1.    1.
 1.    1.    1.    1.    1.    1.    1.    1.    1.    1.    1.    1.
 1.    1.    1.    1.    1.    1.    1.    1.    1.    1.    1.    1.
 1.    1.    1.    1.    1.    1.    1.    1.    1.    1.    1.    1.
 1.    1.    1.    1.    1.    1.    1.    1.    1.    1.    1.    1.
 1.    1.    1.    1.    1.    1.    1.    1.    1.    1.    1.    1.
 1.    1.    1.    1.    1.    1.    1.    1.    1.    1.    1.    1.
 1.    1.    1.    1.    1.    1.    1.    1.    1.    1.    1.    1.
 1.    1.    1.    1.   ]
[0.029519833316791262, 0.02717427365092625, 0.07944524471876038, 0.17205387787533805, 0.19409947205208494, 0.22150563635425288, 0.20598916280755203, 0.14844444444444402, 0.06515032679738528, 0.007686274509803903, 0.0, 0.0, 0.0, 0.0, 0.0, 0.0, 0.0, 0.0, 0.0, 0.0]
[0.5751382442508934, 0.5234348096945788, 0.2852086955196142, 0.5046345212131251, 0.47581509013481277, 0.411242021199196, 0.2428497477865686, 0.14400000000000004, 0.07199999999999997, 0.008000000000000007, 0.0, 0.0, 0.0, 0.0, 0.0, 0.0, 0.0, 0.0, 0.0, 0.0]
[1, 0, 0, 0, 0, 0, 1, 0, 1, 1, 0, 0, 0, 1, 0, 0]
3.4798265034441487
