[0.30861685 0.30861685 0.30861685 0.30861685 0.30861685 0.30861685
 0.30861685 0.30861685 0.30861685 0.30861685 0.30861685 0.30861685
 0.31231733 0.31231733 0.31231733 0.31231733 0.31231733 0.31231733
 0.31231733 0.31231733 0.31231733 0.31231733 0.31231733 0.31231733
 0.31231733 0.31231733 0.31231733 0.31231733 0.31231733 0.31231733
 0.31231733 0.31231733 0.31231733 0.31231733 0.31231733 0.31231733
 0.31231733 0.31231733 0.31231733 0.31231733 0.31231733 0.31231733
 0.31231733 0.31231733 0.31231733 0.31231733 0.31231733 0.31231733
 0.31231733 0.31231733 0.31231733 0.31231733 0.31231733 0.31231733
 0.31231733 0.31231733 0.31231733 0.31231733 0.31231733 0.31231733
 0.31692639 0.31692639 0.31692639 0.31692639 0.31692639 0.31692639
 0.31692639 0.31692639 0.31692639 0.31692639 0.31692639 0.31692639
 0.31692639 0.31692639 0.31692639 0.31692639 0.31692639 0.31692639
 0.31692639 0.31692639 0.31692639 0.31692639 0.31692639 0.31692639
 0.31692639 0.31692639 0.31692639 0.31692639 0.31692639 0.31692639
 0.31692639 0.31692639 0.31692639 0.31692639 0.31692639 0.31692639
 0.31692639 0.31692639 0.31692639 0.31692639 0.31692639 0.31692639
 0.31692639 0.31692639 0.31692639 0.31692639 0.31692639 0.31692639
 0.31692639 0.31692639 0.31692639 0.31692639 0.31692639 0.31692639
 0.31692639 0.31692639 0.31692639 0.31692639 0.31692639 0.31692639
 0.31692639 0.31692639 0.31692639 0.31692639 0.31692639 0.31692639
 0.31692639 0.31692639 0.31692639 0.31692639 0.31692639 0.31692639
 0.31692639 0.31692639 0.31692639 0.31692639 0.31692639 0.31692639
 0.31692639 0.31692639 0.31692639 0.31692639 0.31692639 0.31692639
 0.31692639 0.31692639 0.31692639 0.31692639 0.31692639 0.31692639
 0.31692639 0.31692639 0.31692639 0.31692639 0.31692639 0.31692639
 0.31692639 0.31692639 0.31692639 0.31952086 0.31952086 0.31952086
 0.31952086 0.31952086 0.31952086 0.31952086 0.31952086 0.31952086
 0.31952086 0.31952086 0.31952086 0.31952086 0.31952086 0.31952086
 0.31952086 0.31952086 0.31952086 0.31952086 0.31952086 0.31952086
 0.31952086 0.31952086 0.31952086 0.32435396 0.32435396 0.32435396
 0.32435396 0.32435396 0.32435396 0.32435396 0.32435396 0.32435396
 0.32435396 0.32435396 0.32435396 0.32435396 0.32435396 0.32435396
 0.32435396 0.32435396 0.32435396 0.32435396 0.32435396 0.32435396
 0.32435396 0.32435396 0.32435396 0.32435396 0.32435396 0.32435396
 0.32435396 0.32435396 0.32435396 0.32435396 0.32727532 0.32727532
 0.32727532 0.32727532 0.32727532 0.32727532 0.32727532 0.32727532
 0.32727532 0.32727532 0.33308128 0.33308128 0.33308128 0.33308128
 0.33308128 0.33308128 0.33308128 0.33308128 0.33308128 0.33308128
 0.33308128 0.33308128 0.33308128 0.33308128 0.33308128 0.33308128
 0.33308128 0.33308128 0.33308128 0.33308128 0.33308128 0.33308128
 0.33308128 0.33308128 0.33308128 0.33308128 0.33308128 0.33308128
 0.33308128 0.33308128 0.33308128 0.33308128 0.33308128 0.33308128
 0.33308128 0.33308128 0.33308128 0.33308128 0.33308128 0.33308128
 0.33308128 0.33603143 0.33603143 0.33603143 0.33603143 0.33603143
 0.33603143 0.33603143 0.33603143 0.33603143 0.33603143 0.33603143
 0.33603143 0.33603143 0.33603143 0.33603143 0.33603143 0.33603143
 0.33603143 0.33603143 0.33603143 0.33603143 0.33603143 0.33603143
 0.33603143 0.33603143 0.33603143 0.33603143 0.33603143 0.33603143
 0.33603143 0.33603143 0.33603143 0.33603143 0.33603143 0.33434182
 0.33434182 0.33434182 0.33434182 0.33434182 0.33434182 0.33434182
 0.33434182 0.33434182 0.33434182 0.33434182 0.33434182 0.33434182
 0.33434182 0.33434182 0.33434182 0.33434182 0.33434182 0.33434182
 0.33434182 0.33434182 0.33434182 0.33434182 0.33434182 0.33434182
 0.33434182 0.33706874 0.33706874 0.33706874 0.33706874 0.33706874
 0.33706874 0.33706874 0.33706874 0.33706874 0.33706874 0.33706874
 0.33706874 0.33706874 0.33706874 0.33706874 0.33706874 0.33706874
 0.33706874 0.33706874 0.33706874 0.33706874 0.33706874 0.33706874
 0.33706874 0.33706874 0.33706874 0.33706874 0.33706874 0.33706874
 0.33706874 0.33706874 0.33706874 0.33706874 0.33706874 0.33706874
 0.33706874 0.33706874 0.33706874 0.33706874 0.33706874 0.33706874
 0.33706874 0.33706874 0.33706874 0.33706874 0.33558052 0.33558052
 0.33558052 0.33558052 0.33558052 0.33558052 0.33558052 0.33558052
 0.33558052 0.33558052 0.33558052 0.33558052 0.33558052 0.33558052
 0.33558052 0.33558052 0.33558052 0.33558052 0.33558052 0.33558052
 0.33558052 0.33558052 0.33558052 0.33558052 0.33558052 0.33558052
 0.33558052 0.33558052 0.33558052 0.33558052 0.33558052 0.33558052
 0.33558052 0.33558052 0.33558052 0.33558052 0.33558052 0.33558052
 0.33558052 0.33558052 0.33558052 0.33558052 0.33558052 0.33558052
 0.33558052 0.33558052 0.33558052 0.33558052 0.33558052 0.33558052
 0.33558052 0.33558052 0.33558052 0.33558052 0.33558052 0.33558052
 0.33558052 0.33558052 0.33558052 0.33558052 0.33558052 0.33558052
 0.33558052 0.33558052 0.33558052 0.33558052 0.33558052 0.33558052
 0.33558052 0.33558052 0.33558052 0.33558052 0.33558052 0.33558052
 0.33558052 0.33558052 0.33558052 0.33558052 0.33558052 0.33558052
 0.33558052 0.33558052 0.33558052 0.33558052 0.33558052 0.33558052
 0.33558052 0.33558052 0.33558052 0.33558052 0.33558052 0.33903659
 0.33903659 0.33903659 0.33903659 0.33903659 0.33903659 0.33903659
 0.33903659 0.33903659 0.33903659 0.33903659 0.33903659 0.33903659
 0.33903659 0.33903659 0.33903659 0.33903659 0.33903659 0.33903659
 0.33903659 0.33903659 0.33903659 0.33903659 0.33903659 0.33903659
 0.33903659 0.33903659 0.33903659 0.33903659 0.33903659 0.33903659
 0.33903659 0.33903659 0.33903659 0.33903659 0.33903659 0.33903659
 0.33903659 0.33903659 0.33903659 0.33903659 0.33903659 0.33903659
 0.33903659 0.33903659 0.33903659 0.33903659 0.33903659 0.33903659
 0.33903659 0.33903659 0.33903659 0.33903659 0.33903659 0.33903659
 0.33903659 0.33903659 0.34207426 0.34207426 0.34207426 0.34207426
 0.34207426 0.34207426 0.34207426 0.34207426 0.34207426 0.34207426
 0.34207426 0.34207426 0.34207426 0.34207426 0.34207426 0.34207426
 0.34207426 0.34207426 0.34207426 0.34207426 0.34207426 0.34207426
 0.34207426 0.34207426 0.34207426 0.34207426 0.34207426 0.34207426
 0.34207426 0.34207426 0.34207426 0.34207426 0.34207426 0.34207426
 0.34207426 0.34207426 0.34207426 0.34207426 0.34207426 0.34207426
 0.34207426 0.34207426 0.34207426 0.34207426 0.34207426 0.34207426
 0.34207426 0.34207426 0.34207426 0.34207426 0.34207426 0.34207426
 0.34207426 0.34207426 0.34207426 0.34207426 0.34207426 0.34207426
 0.34207426 0.34207426 0.34207426 0.34207426 0.34207426 0.34207426
 0.34207426 0.34207426 0.34207426 0.34207426 0.34207426 0.34207426
 0.34207426 0.34207426 0.34207426 0.34207426 0.34207426 0.34207426
 0.34207426 0.34207426 0.34207426 0.34207426 0.34207426 0.34207426
 0.34207426 0.34207426 0.34207426 0.34207426 0.34207426 0.34207426
 0.34207426 0.34207426 0.34207426 0.34207426 0.34207426 0.34207426
 0.34207426 0.34207426 0.34207426 0.34207426 0.34207426 0.34207426
 0.34207426 0.34207426 0.34207426 0.34207426 0.34207426 0.34207426
 0.34207426 0.34207426 0.34207426 0.34207426 0.34207426 0.34207426
 0.34207426 0.34207426 0.34207426 0.34207426 0.34207426 0.34207426
 0.34207426 0.34207426 0.34207426 0.34207426 0.34207426 0.34207426
 0.34207426 0.34207426 0.34207426 0.34207426 0.34207426 0.34207426
 0.34207426 0.34207426 0.34207426 0.34207426 0.34207426 0.34207426
 0.34207426 0.34207426 0.34207426 0.34207426 0.3391578  0.3391578
 0.3391578  0.3391578  0.3391578  0.3391578  0.3391578  0.3391578
 0.3391578  0.3391578  0.3391578  0.3391578  0.3391578  0.3391578
 0.3391578  0.3391578  0.3391578  0.3391578  0.3391578  0.3391578
 0.3391578  0.3391578  0.3391578  0.3391578  0.3391578  0.3391578
 0.3391578  0.3391578  0.3391578  0.3391578  0.3391578  0.3391578
 0.3391578  0.3391578  0.3391578  0.3391578  0.3391578  0.3391578
 0.3391578  0.3391578  0.3391578  0.3391578  0.3391578  0.3391578
 0.3391578  0.3391578  0.3391578  0.3391578  0.3391578  0.3369288
 0.3369288  0.3369288  0.3369288  0.3369288  0.3369288  0.3369288
 0.3369288  0.3369288  0.3369288  0.3369288  0.3369288  0.3369288
 0.3369288  0.3369288  0.3369288  0.3369288  0.3369288  0.3369288
 0.3369288  0.3369288  0.3369288  0.3369288  0.3369288  0.3369288
 0.3369288  0.3369288  0.3369288  0.3369288  0.3369288  0.3369288
 0.3369288  0.3369288  0.3369288  0.3369288  0.3369288  0.3369288
 0.3369288  0.3369288  0.3369288  0.3369288  0.3369288  0.3369288
 0.3369288  0.3369288  0.3369288  0.3369288  0.3369288  0.3369288
 0.3369288  0.3369288  0.3369288  0.3369288  0.3369288  0.3369288
 0.3369288  0.3369288  0.3369288  0.3369288  0.3369288  0.3369288
 0.3369288  0.3369288  0.3369288  0.3369288  0.3369288  0.3369288
 0.3369288  0.3369288  0.3369288  0.3369288  0.3369288  0.3369288
 0.3369288  0.3369288  0.3369288  0.3369288  0.3369288  0.3369288
 0.3369288  0.3369288  0.3369288  0.3369288  0.3369288  0.3369288
 0.3369288  0.3369288  0.33563541 0.33563541 0.33563541 0.33563541
 0.33563541 0.33563541 0.33563541 0.33563541 0.33563541 0.33563541
 0.33563541 0.33563541 0.33563541 0.33563541 0.33563541 0.33563541
 0.33563541 0.33563541 0.33563541 0.33563541 0.33563541 0.33563541
 0.33563541 0.33563541 0.33563541 0.33563541 0.33563541 0.33563541
 0.33563541 0.33563541 0.33563541 0.33563541 0.33563541 0.33563541
 0.33563541 0.33563541 0.33563541 0.33563541 0.33563541 0.33563541
 0.33563541 0.33563541 0.33563541 0.33563541 0.33563541 0.33563541
 0.33563541 0.33563541 0.33563541 0.33563541 0.33563541 0.33563541
 0.33563541 0.33563541 0.33563541 0.33563541 0.33563541 0.33563541
 0.33563541 0.33563541 0.33563541 0.33563541 0.33563541 0.33563541
 0.33563541 0.33563541 0.33563541 0.33563541 0.33563541 0.33563541
 0.33563541 0.33563541 0.33563541 0.33563541 0.33563541 0.33563541
 0.33563541 0.33563541 0.33563541 0.33563541 0.33563541 0.33563541
 0.33563541 0.33563541 0.33563541 0.33563541 0.33563541 0.33563541
 0.33563541 0.33563541 0.33563541 0.33563541 0.33563541 0.33563541
 0.33563541 0.33563541 0.33563541 0.33563541 0.33563541 0.33563541
 0.33563541 0.33563541 0.33563541 0.33563541 0.33563541 0.33563541
 0.33563541 0.33563541 0.33563541 0.33563541 0.33563541 0.33563541
 0.33451672 0.33451672 0.33451672 0.33451672 0.33451672 0.33451672
 0.33451672 0.33451672 0.33451672 0.33451672 0.33451672 0.33451672
 0.33451672 0.33451672 0.33451672 0.33451672 0.33451672 0.33451672
 0.33451672 0.33451672 0.33451672 0.33451672 0.33451672 0.33451672
 0.33451672 0.33451672 0.33451672 0.33451672 0.33451672 0.33451672
 0.33451672 0.33451672 0.33451672 0.33451672 0.33451672 0.33451672
 0.33451672 0.33451672 0.33451672 0.33451672 0.33451672 0.33451672
 0.33451672 0.33451672 0.33451672 0.33451672 0.33451672 0.33451672
 0.33451672 0.33451672 0.33451672 0.33451672 0.33451672 0.33451672
 0.33451672 0.33451672 0.33451672 0.33451672 0.33451672 0.33451672
 0.33451672 0.33451672 0.33451672 0.33451672 0.33451672 0.33451672
 0.33451672 0.33451672 0.33451672 0.33451672 0.33451672 0.33451672
 0.33451672 0.33451672 0.33451672 0.33451672 0.33451672 0.33451672
 0.33451672 0.33451672 0.33451672 0.33451672 0.33451672 0.33451672
 0.33451672 0.33451672 0.33451672 0.33451672 0.33451672 0.33451672
 0.33451672 0.33451672 0.33451672 0.33451672]
[8.28 8.28 8.28 8.28 8.28 8.28 8.28 8.28 8.28 8.28 8.28 8.28 8.32 8.32
 8.32 8.32 8.32 8.32 8.32 8.32 8.32 8.32 8.32 8.32 8.32 8.32 8.32 8.32
 8.32 8.32 8.32 8.32 8.32 8.32 8.32 8.32 8.32 8.32 8.32 8.32 8.32 8.32
 8.32 8.32 8.32 8.32 8.32 8.32 8.32 8.32 8.32 8.32 8.32 8.32 8.32 8.32
 8.32 8.32 8.32 8.32 8.38 8.38 8.38 8.38 8.38 8.38 8.38 8.38 8.38 8.38
 8.38 8.38 8.38 8.38 8.38 8.38 8.38 8.38 8.38 8.38 8.38 8.38 8.38 8.38
 8.38 8.38 8.38 8.38 8.38 8.38 8.38 8.38 8.38 8.38 8.38 8.38 8.38 8.38
 8.38 8.38 8.38 8.38 8.38 8.38 8.38 8.38 8.38 8.38 8.38 8.38 8.38 8.38
 8.38 8.38 8.38 8.38 8.38 8.38 8.38 8.38 8.38 8.38 8.38 8.38 8.38 8.38
 8.38 8.38 8.38 8.38 8.38 8.38 8.38 8.38 8.38 8.38 8.38 8.38 8.38 8.38
 8.38 8.38 8.38 8.38 8.38 8.38 8.38 8.38 8.38 8.38 8.38 8.38 8.38 8.38
 8.38 8.38 8.38 8.38 8.38 8.41 8.41 8.41 8.41 8.41 8.41 8.41 8.41 8.41
 8.41 8.41 8.41 8.41 8.41 8.41 8.41 8.41 8.41 8.41 8.41 8.41 8.41 8.41
 8.41 8.47 8.47 8.47 8.47 8.47 8.47 8.47 8.47 8.47 8.47 8.47 8.47 8.47
 8.47 8.47 8.47 8.47 8.47 8.47 8.47 8.47 8.47 8.47 8.47 8.47 8.47 8.47
 8.47 8.47 8.47 8.47 8.5  8.5  8.5  8.5  8.5  8.5  8.5  8.5  8.5  8.5
 8.57 8.57 8.57 8.57 8.57 8.57 8.57 8.57 8.57 8.57 8.57 8.57 8.57 8.57
 8.57 8.57 8.57 8.57 8.57 8.57 8.57 8.57 8.57 8.57 8.57 8.57 8.57 8.57
 8.57 8.57 8.57 8.57 8.57 8.57 8.57 8.57 8.57 8.57 8.57 8.57 8.57 8.6
 8.6  8.6  8.6  8.6  8.6  8.6  8.6  8.6  8.6  8.6  8.6  8.6  8.6  8.6
 8.6  8.6  8.6  8.6  8.6  8.6  8.6  8.6  8.6  8.6  8.6  8.6  8.6  8.6
 8.6  8.6  8.6  8.6  8.6  8.58 8.58 8.58 8.58 8.58 8.58 8.58 8.58 8.58
 8.58 8.58 8.58 8.58 8.58 8.58 8.58 8.58 8.58 8.58 8.58 8.58 8.58 8.58
 8.58 8.58 8.58 8.61 8.61 8.61 8.61 8.61 8.61 8.61 8.61 8.61 8.61 8.61
 8.61 8.61 8.61 8.61 8.61 8.61 8.61 8.61 8.61 8.61 8.61 8.61 8.61 8.61
 8.61 8.61 8.61 8.61 8.61 8.61 8.61 8.61 8.61 8.61 8.61 8.61 8.61 8.61
 8.61 8.61 8.61 8.61 8.61 8.61 8.59 8.59 8.59 8.59 8.59 8.59 8.59 8.59
 8.59 8.59 8.59 8.59 8.59 8.59 8.59 8.59 8.59 8.59 8.59 8.59 8.59 8.59
 8.59 8.59 8.59 8.59 8.59 8.59 8.59 8.59 8.59 8.59 8.59 8.59 8.59 8.59
 8.59 8.59 8.59 8.59 8.59 8.59 8.59 8.59 8.59 8.59 8.59 8.59 8.59 8.59
 8.59 8.59 8.59 8.59 8.59 8.59 8.59 8.59 8.59 8.59 8.59 8.59 8.59 8.59
 8.59 8.59 8.59 8.59 8.59 8.59 8.59 8.59 8.59 8.59 8.59 8.59 8.59 8.59
 8.59 8.59 8.59 8.59 8.59 8.59 8.59 8.59 8.59 8.59 8.59 8.59 8.59 8.63
 8.63 8.63 8.63 8.63 8.63 8.63 8.63 8.63 8.63 8.63 8.63 8.63 8.63 8.63
 8.63 8.63 8.63 8.63 8.63 8.63 8.63 8.63 8.63 8.63 8.63 8.63 8.63 8.63
 8.63 8.63 8.63 8.63 8.63 8.63 8.63 8.63 8.63 8.63 8.63 8.63 8.63 8.63
 8.63 8.63 8.63 8.63 8.63 8.63 8.63 8.63 8.63 8.63 8.63 8.63 8.63 8.63
 8.66 8.66 8.66 8.66 8.66 8.66 8.66 8.66 8.66 8.66 8.66 8.66 8.66 8.66
 8.66 8.66 8.66 8.66 8.66 8.66 8.66 8.66 8.66 8.66 8.66 8.66 8.66 8.66
 8.66 8.66 8.66 8.66 8.66 8.66 8.66 8.66 8.66 8.66 8.66 8.66 8.66 8.66
 8.66 8.66 8.66 8.66 8.66 8.66 8.66 8.66 8.66 8.66 8.66 8.66 8.66 8.66
 8.66 8.66 8.66 8.66 8.66 8.66 8.66 8.66 8.66 8.66 8.66 8.66 8.66 8.66
 8.66 8.66 8.66 8.66 8.66 8.66 8.66 8.66 8.66 8.66 8.66 8.66 8.66 8.66
 8.66 8.66 8.66 8.66 8.66 8.66 8.66 8.66 8.66 8.66 8.66 8.66 8.66 8.66
 8.66 8.66 8.66 8.66 8.66 8.66 8.66 8.66 8.66 8.66 8.66 8.66 8.66 8.66
 8.66 8.66 8.66 8.66 8.66 8.66 8.66 8.66 8.66 8.66 8.66 8.66 8.66 8.66
 8.66 8.66 8.66 8.66 8.66 8.66 8.66 8.66 8.66 8.66 8.66 8.66 8.66 8.66
 8.63 8.63 8.63 8.63 8.63 8.63 8.63 8.63 8.63 8.63 8.63 8.63 8.63 8.63
 8.63 8.63 8.63 8.63 8.63 8.63 8.63 8.63 8.63 8.63 8.63 8.63 8.63 8.63
 8.63 8.63 8.63 8.63 8.63 8.63 8.63 8.63 8.63 8.63 8.63 8.63 8.63 8.63
 8.63 8.63 8.63 8.63 8.63 8.63 8.63 8.6  8.6  8.6  8.6  8.6  8.6  8.6
 8.6  8.6  8.6  8.6  8.6  8.6  8.6  8.6  8.6  8.6  8.6  8.6  8.6  8.6
 8.6  8.6  8.6  8.6  8.6  8.6  8.6  8.6  8.6  8.6  8.6  8.6  8.6  8.6
 8.6  8.6  8.6  8.6  8.6  8.6  8.6  8.6  8.6  8.6  8.6  8.6  8.6  8.6
 8.6  8.6  8.6  8.6  8.6  8.6  8.6  8.6  8.6  8.6  8.6  8.6  8.6  8.6
 8.6  8.6  8.6  8.6  8.6  8.6  8.6  8.6  8.6  8.6  8.6  8.6  8.6  8.6
 8.6  8.6  8.6  8.6  8.6  8.6  8.6  8.6  8.6  8.6  8.58 8.58 8.58 8.58
 8.58 8.58 8.58 8.58 8.58 8.58 8.58 8.58 8.58 8.58 8.58 8.58 8.58 8.58
 8.58 8.58 8.58 8.58 8.58 8.58 8.58 8.58 8.58 8.58 8.58 8.58 8.58 8.58
 8.58 8.58 8.58 8.58 8.58 8.58 8.58 8.58 8.58 8.58 8.58 8.58 8.58 8.58
 8.58 8.58 8.58 8.58 8.58 8.58 8.58 8.58 8.58 8.58 8.58 8.58 8.58 8.58
 8.58 8.58 8.58 8.58 8.58 8.58 8.58 8.58 8.58 8.58 8.58 8.58 8.58 8.58
 8.58 8.58 8.58 8.58 8.58 8.58 8.58 8.58 8.58 8.58 8.58 8.58 8.58 8.58
 8.58 8.58 8.58 8.58 8.58 8.58 8.58 8.58 8.58 8.58 8.58 8.58 8.58 8.58
 8.58 8.58 8.58 8.58 8.58 8.58 8.58 8.58 8.58 8.58 8.56 8.56 8.56 8.56
 8.56 8.56 8.56 8.56 8.56 8.56 8.56 8.56 8.56 8.56 8.56 8.56 8.56 8.56
 8.56 8.56 8.56 8.56 8.56 8.56 8.56 8.56 8.56 8.56 8.56 8.56 8.56 8.56
 8.56 8.56 8.56 8.56 8.56 8.56 8.56 8.56 8.56 8.56 8.56 8.56 8.56 8.56
 8.56 8.56 8.56 8.56 8.56 8.56 8.56 8.56 8.56 8.56 8.56 8.56 8.56 8.56
 8.56 8.56 8.56 8.56 8.56 8.56 8.56 8.56 8.56 8.56 8.56 8.56 8.56 8.56
 8.56 8.56 8.56 8.56 8.56 8.56 8.56 8.56 8.56 8.56 8.56 8.56 8.56 8.56
 8.56 8.56 8.56 8.56 8.56 8.56]
[0.0, 0.0, 0.0, 0.0, 0.0, 0.0, 0.0, 0.0, 0.0, 0.0, 0.0, 0.0, 0.0, 0.0, 0.0, 0.0, 0.0, 0.0, 0.0, 0.0]
[0.0, 0.0, 0.0, 0.0, 0.0, 0.0, 0.0, 0.0, 0.0, 0.0, 0.0, 0.0, 0.0, 0.0, 0.0, 0.0, 0.0, 0.0, 0.0, 0.0]
[0, 0, 0, 0, 0, 0, 0, 0, 0, 0, 0, 0, 0, 1, 0, 0]
6.281130148213691
