[ 0.30065479  0.29472421  0.29026566 ...,  0.53612795  0.53612795
  0.53612795]
[ 16.27666667  16.06666667  15.92       ...,   1.01         1.01         1.01      ]
[0.040663466095879765, 0.015007508988088022, 0.0059057659885436873, 0.009006768905815362, 0.016313654614021129, 0.02102209249997156, 0.026388117110016606, 0.033372280878629229, 0.050346376129056368, 0.061251893458777983, 0.076743521729284059, 0.080966097800342751, 0.077762443440619097, 0.061497926880515107, 0.040690095162159691, 0.027591545165133079, 0.024101103604701267, 0.023838669900876654, 0.039718723700258959, 0.056493360084514908, 0.077406527858009624, 0.092155334873774336, 0.094208275751306816, 0.099389687143221189, 0.10214282053983131, 0.10180739150747008, 0.10206004642225504, 0.1021726737621083, 0.10016590866818036, 0.10037289850889983, 0.10037289850889983, 0.10084114689034929, 0.10084114689034929, 0.10084114689034929, 0.10106870353915132, 0.10131134652826113]
[1.3765254164824643, 0.82753986140984315, 0.53368738248362413, 0.26089589239132666, 0.40876507787345157, 0.63629133788435843, 0.20396078054371145, 0.31201851796897506, 0.23790754506740633, 0.44611906731524287, 0.4708148963941845, 0.31591137997862628, 0.46692849797610575, 0.30070288030250436, 0.21929178937864702, 0.17211107524567443, 0.13589211407093008, 0.092736184954957016, 0.077888809636986134, 0.052493385826745384, 0.0694422221866655, 0.014142135623730963, 0.0081649658092772682, 0.014142135623730965, 0.016329931618554536, 0.012472191289246483, 0.016996731711975965, 0.0081649658092772682, 0.020548046676563275, 0.016996731711975962, 0.016996731711975962, 0.012472191289246483, 0.012472191289246483, 0.012472191289246483, 0.012472191289246483, 0.014142135623730965]
[0, 0, 0, 1, 0, 0, 0, 0, 0, 0, 0, 0, 0, 0, 0, 0, 0, 0, 0, 0, 0, 0, 1, 0, 0, 0, 1, 0, 0, 0, 0, 0]
16.520518892400105
[ 0.31228702  0.30788654  0.30433326 ...,  0.33059484  0.33059484
  0.33059484]
[ 16.53        16.38333333  16.27333333 ...,   1.05666667   1.05666667
   1.05666667]
[0.025950111748660919, 0.019281085492449557, 0.0087116506061161083, 0.0092175064733468186, 0.0043213085487350455, 0.0078511381522521403, 0.015820321040373307, 0.010888182054215729, 0.01224980378517353, 0.020294461368066719, 0.017641602916951028, 0.024575498249892982, 0.03892482540240013, 0.050812515726858049, 0.05375529129836927, 0.065275767100329979, 0.0720345480215039, 0.07583557904097174, 0.091092934580655635, 0.10569363011486317, 0.10516919290742721, 0.10552221257403088, 0.10663500758763034, 0.10671319047466213, 0.106276402357001, 0.10917411831706596, 0.1092611436350668, 0.11180685144509239, 0.11180685144509239, 0.11138016037441917, 0.11096878049606924, 0.11096878049606924, 0.11040435130747489, 0.11040435130747489, 0.10987592300083239, 0.10987592300083239]
[0.88253422974220574, 0.89070508899161227, 0.37106453466868633, 0.3057595278791635, 0.19871811414385154, 0.35188381921057738, 0.2713341523329163, 0.41697322056298375, 0.53673912554320935, 0.40450243784459722, 0.331762967593833, 0.19601587237318882, 0.2124983660067897, 0.15584892970081285, 0.11025223605694152, 0.070395706939809552, 0.057927157323275844, 0.037712361663282568, 0.07845734863959887, 0.1049867716534908, 0.11085526098877262, 0.13597385369580764, 0.080415587212098766, 0.095684667296048811, 0.036817870057290904, 0.041899350299921818, 0.045460605656619475, 0.050990195135927792, 0.050990195135927792, 0.047140452079103216, 0.056568542494923747, 0.056568542494923747, 0.065996632910744382, 0.065996632910744382, 0.065996632910744382, 0.065996632910744382]
[0, 0, 0, 0, 1, 0, 0, 0, 1, 0, 0, 0, 0, 0, 0, 1, 0, 0, 0, 0, 0, 0, 0, 0, 0, 0, 0, 0, 0, 0, 0, 0]
16.17378778565535
[ 0.30872232  0.3038009   0.29931893 ...,  0.41679012  0.41679012
  0.41679012]
[ 16.54666667  16.38333333  16.22333333 ...,   1.04666667   1.04666667
   1.04666667]
[0.010577185905426388, 0.013935969026313099, 0.013877324469834935, 0.01848500817424964, 0.015717580413749939, 0.023786458518928161, 0.029791871443175234, 0.041521986199356931, 0.047214286230208048, 0.059178103492488442, 0.063240362722493615, 0.078860156859574468, 0.071224366398734959, 0.071567360193682733, 0.066486918221552421, 0.060315966428120031, 0.062457500980123606, 0.059760250752512178, 0.053154791263273306, 0.055301392179923664, 0.058233100311196939, 0.059729846579414568, 0.064276619420232772, 0.06565284726289744, 0.069005488895906686, 0.065659071196449301, 0.06063327572951463, 0.055747354528697099, 0.051564593042582506, 0.048474782271542512, 0.041684266711095284, 0.031667513428151654, 0.029436383045856405, 0.029436383045856405, 0.029436383045856405, 0.029436383045856405]
[0.33509534298299126, 0.70683960148128488, 0.31030450993965436, 0.40433759272282482, 0.83786766390774503, 0.74864321720474203, 0.57598225281301463, 0.62956775295082856, 0.84100469017056534, 0.60356349201131188, 0.53897021150420632, 0.61081002684049712, 0.47338027936204624, 0.43865957441075226, 0.26470108928122438, 0.16336734339790457, 0.088065632090819357, 0.14383632673594271, 0.081785627642568637, 0.070395706939809552, 0.060184900284225913, 0.049216076867444614, 0.07788880963698612, 0.092014491612281715, 0.13912424503139473, 0.11556623882239811, 0.07788880963698612, 0.059066817155564451, 0.063770421565696581, 0.054365021434333576, 0.080138768534475352, 0.014142135623730963, 0.0094280904158206419, 0.0094280904158206419, 0.0094280904158206419, 0.0094280904158206419]
[0, 0, 0, 0, 0, 0, 0, 0, 0, 0, 0, 1, 1, 0, 0, 0, 0, 0, 0, 0, 0, 0, 0, 0, 1, 0, 0, 0, 0, 0, 0, 0]
16.34506356007114
