[0.09631373 0.09631373 0.09631373 0.09631373 0.09631373 0.09631373
 0.09631373 0.09631373 0.09631373 0.09631373 0.09631373 0.09631373
 0.09631373 0.09631373 0.09631373 0.09631373 0.09631373 0.09631373
 0.09631373 0.09631373 0.09631373 0.09631373 0.09631373 0.09631373
 0.09631373 0.09631373 0.09631373 0.09631373 0.09631373 0.09631373
 0.09631373 0.09631373 0.09631373 0.09631373 0.09631373 0.09631373
 0.09631373 0.09631373 0.09631373 0.09631373 0.09631373 0.09631373
 0.09631373 0.09631373 0.09631373 0.09631373 0.09631373 0.09631373
 0.09631373 0.09631373 0.09631373 0.09631373 0.09631373 0.09631373
 0.09631373 0.09631373 0.09631373 0.09631373 0.09631373 0.09631373
 0.09631373 0.09631373 0.09631373 0.09631373 0.09631373 0.09631373
 0.09631373 0.09631373 0.09631373 0.09631373 0.09631373 0.09631373
 0.09631373 0.09631373 0.09631373 0.09631373 0.09631373 0.09631373
 0.09631373 0.09631373 0.09631373 0.09631373 0.09631373 0.09631373
 0.09631373 0.09631373 0.09631373 0.09631373 0.09631373 0.09631373
 0.09631373 0.09631373 0.09631373 0.09631373 0.09631373 0.09631373
 0.09631373 0.09631373 0.09631373 0.09631373 0.09631373 0.09631373
 0.09631373 0.09631373 0.09631373 0.09631373 0.09631373 0.09631373
 0.09631373 0.09631373 0.09631373 0.09631373 0.09631373 0.09631373
 0.09631373 0.09631373 0.09631373 0.09631373 0.09631373 0.09631373
 0.09631373 0.09631373 0.09631373 0.09631373 0.09631373 0.09631373
 0.09631373 0.09631373 0.09631373 0.09631373 0.09631373 0.09631373
 0.09631373 0.09631373 0.09631373 0.09631373 0.09631373 0.09631373
 0.09631373 0.09631373 0.09631373 0.09631373 0.09631373 0.09631373
 0.09631373 0.09631373 0.09631373 0.09631373 0.09631373 0.09631373
 0.09631373 0.09631373 0.09631373 0.09631373 0.09631373 0.09631373
 0.09631373 0.09631373 0.09631373 0.09631373 0.09631373 0.09631373
 0.09631373 0.09631373 0.09631373 0.09631373 0.09631373 0.09631373
 0.09631373 0.09631373 0.09631373 0.09631373 0.09631373 0.09631373
 0.09631373 0.09631373 0.09631373 0.09631373 0.09631373 0.09631373
 0.09631373 0.09631373 0.09631373 0.09631373 0.09631373 0.09631373
 0.09631373 0.09631373 0.09631373 0.09631373 0.09631373 0.09631373
 0.09631373 0.09631373 0.09631373 0.09631373 0.09631373 0.09631373
 0.09631373 0.09631373 0.09631373 0.09631373 0.09631373 0.09631373
 0.09631373 0.09631373 0.09631373 0.09631373 0.09631373 0.09631373
 0.09631373 0.09631373 0.09631373 0.09631373 0.09631373 0.09631373
 0.09631373 0.09631373 0.09631373 0.09631373 0.09631373 0.09631373
 0.09631373 0.09631373 0.09631373 0.09631373 0.09631373 0.09631373
 0.09631373 0.09631373 0.09631373 0.09631373 0.09631373 0.09631373
 0.09631373 0.09631373 0.09631373 0.09631373 0.09631373 0.09631373
 0.09631373 0.09631373 0.09631373 0.09631373 0.09631373 0.09631373
 0.09631373 0.09631373 0.09631373 0.09631373 0.09631373 0.09631373
 0.09631373 0.09631373 0.09631373 0.09631373 0.09631373 0.09631373
 0.09631373 0.09631373 0.09631373 0.09631373 0.09631373 0.09631373
 0.09631373 0.09631373 0.09631373 0.09631373 0.09631373 0.09631373
 0.09631373 0.09631373 0.09631373 0.09631373 0.09631373 0.09631373
 0.09631373 0.09631373 0.09631373 0.09631373 0.09631373 0.09631373
 0.09631373 0.09631373 0.09631373 0.09631373 0.09631373 0.09631373
 0.09631373 0.09631373 0.09631373 0.09631373 0.09631373 0.09631373
 0.09631373 0.09631373 0.09631373 0.09631373 0.09631373 0.09631373
 0.09631373 0.09631373 0.09631373 0.09631373 0.09631373 0.09631373
 0.09631373 0.09631373 0.09631373 0.09631373 0.09631373 0.09631373
 0.09631373 0.09631373 0.09631373 0.09631373 0.09631373 0.09631373
 0.09631373 0.09631373 0.09631373 0.09631373 0.09631373 0.09631373
 0.09631373 0.09631373 0.09631373 0.09631373 0.09631373 0.09631373
 0.09631373 0.09631373 0.09631373 0.09631373 0.09631373 0.09631373
 0.09631373 0.09631373 0.09631373 0.09631373 0.09631373 0.09631373
 0.09631373 0.09631373 0.09631373 0.09631373 0.09631373 0.09631373
 0.09631373 0.09631373 0.09631373 0.09631373 0.09631373 0.09631373
 0.09631373 0.09631373 0.09631373 0.09631373 0.09631373 0.09631373
 0.09631373 0.09631373 0.09631373 0.09631373 0.09631373 0.09631373
 0.09631373 0.09631373 0.09631373 0.09631373 0.09631373 0.09631373
 0.09631373 0.09631373 0.09631373 0.09631373 0.09631373 0.09631373
 0.09631373 0.09631373 0.09631373 0.09631373 0.09631373 0.09631373
 0.09631373 0.09631373 0.09631373 0.09631373 0.09631373 0.09631373
 0.09631373 0.09631373 0.09631373 0.09631373 0.09631373 0.09631373
 0.09631373 0.09631373 0.09631373 0.09631373 0.09631373 0.09631373
 0.09631373 0.09631373 0.09631373 0.09631373 0.09631373 0.09631373
 0.09631373 0.09631373 0.09631373 0.09631373 0.09631373 0.09631373
 0.09631373 0.09631373 0.09631373 0.09631373 0.09631373 0.09631373
 0.09631373 0.09631373 0.09631373 0.09631373 0.09631373 0.09631373
 0.09631373 0.09631373 0.09631373 0.09631373 0.09631373 0.09631373
 0.09631373 0.09631373 0.09631373 0.09631373 0.09631373 0.09631373
 0.09631373 0.09631373 0.09631373 0.09631373 0.09631373 0.09631373
 0.09631373 0.09631373 0.09631373 0.09631373 0.09631373 0.09631373
 0.09631373 0.09631373 0.09631373 0.09631373 0.09631373 0.09631373
 0.09631373 0.09631373 0.09631373 0.09631373 0.09631373 0.09631373
 0.09631373 0.09631373 0.09631373 0.09631373 0.09631373 0.09631373
 0.09631373 0.09631373 0.09631373 0.09631373 0.09631373 0.09631373
 0.09631373 0.09631373 0.09631373 0.09631373 0.09631373 0.09631373
 0.09631373 0.09631373 0.09631373 0.09631373 0.09631373 0.09631373
 0.09631373 0.09631373 0.09631373 0.09631373 0.09631373 0.09631373
 0.09631373 0.09631373 0.09631373 0.09631373 0.09631373 0.09631373
 0.09631373 0.09631373 0.09631373 0.09631373 0.09631373 0.09631373
 0.09631373 0.09631373 0.09631373 0.09631373 0.09631373 0.09631373
 0.09631373 0.09631373 0.09631373 0.09631373 0.09631373 0.09631373
 0.09631373 0.09631373 0.09631373 0.09631373 0.09631373 0.09631373
 0.09631373 0.09631373 0.09631373 0.09631373 0.09631373 0.09631373
 0.09631373 0.09631373 0.09631373 0.09631373 0.09631373 0.09631373
 0.09631373 0.09631373 0.09631373 0.09631373 0.09631373 0.09631373
 0.09631373 0.09631373 0.09631373 0.09631373 0.09631373 0.09631373
 0.09631373 0.09631373 0.09631373 0.09631373 0.09631373 0.09631373
 0.09631373 0.09631373 0.09631373 0.09631373 0.09631373 0.09631373
 0.09631373 0.09631373 0.09631373 0.09631373 0.09631373 0.09631373
 0.09631373 0.09631373 0.09631373 0.09631373 0.09631373 0.09631373
 0.09631373 0.09631373 0.09631373 0.09631373 0.09631373 0.09631373
 0.09631373 0.09631373 0.09631373 0.09631373 0.09631373 0.09631373
 0.09631373 0.09631373 0.09631373 0.09631373 0.09631373 0.09631373
 0.09631373 0.09631373 0.09631373 0.09631373 0.09631373 0.09631373
 0.09631373 0.09631373 0.09631373 0.09631373 0.09631373 0.09631373
 0.09631373 0.09631373 0.09631373 0.09631373 0.09631373 0.09631373
 0.09631373 0.09631373 0.09631373 0.09631373 0.09631373 0.09631373
 0.09631373 0.09631373 0.09631373 0.09631373 0.09631373 0.09631373
 0.09631373 0.09631373 0.09631373 0.09631373 0.09631373 0.09631373
 0.09631373 0.09631373 0.09631373 0.09631373 0.09631373 0.09631373
 0.09631373 0.09631373 0.09631373 0.09631373 0.09631373 0.09631373
 0.09631373 0.09631373 0.09631373 0.09631373 0.09631373 0.09631373
 0.09631373 0.09631373 0.09631373 0.09631373 0.09631373 0.09631373
 0.09631373 0.09631373 0.09631373 0.09631373 0.09631373 0.09631373
 0.09631373 0.09631373 0.09631373 0.09631373 0.09631373 0.09631373
 0.09631373 0.09631373 0.09631373 0.09631373 0.09631373 0.09631373
 0.09631373 0.09631373 0.09631373 0.09631373 0.09631373 0.09631373
 0.09631373 0.09631373 0.09631373 0.09631373 0.09631373 0.09631373
 0.09631373 0.09631373 0.09631373 0.09631373 0.09631373 0.09631373
 0.09631373 0.09631373 0.09631373 0.09631373 0.09631373 0.09631373
 0.09631373 0.09631373 0.09631373 0.09631373 0.09631373 0.09631373
 0.09631373 0.09631373 0.09631373 0.09631373 0.09631373 0.09631373
 0.09631373 0.09631373 0.09631373 0.09631373 0.09631373 0.09631373
 0.09631373 0.09631373 0.09631373 0.09631373 0.09631373 0.09631373
 0.09631373 0.09631373 0.09631373 0.09631373 0.09631373 0.09631373
 0.09631373 0.09631373 0.09631373 0.09631373 0.09631373 0.09631373
 0.09631373 0.09631373 0.09631373 0.09631373 0.09631373 0.09631373
 0.09631373 0.09631373 0.09631373 0.09631373 0.09631373 0.09631373
 0.09631373 0.09631373 0.09631373 0.09631373 0.09631373 0.09631373
 0.09631373 0.09631373 0.09631373 0.09631373 0.09631373 0.09631373
 0.09631373 0.09631373 0.09631373 0.09631373 0.09631373 0.09631373
 0.09631373 0.09631373 0.09631373 0.09631373 0.09631373 0.09631373
 0.09631373 0.09631373 0.09631373 0.09631373 0.09631373 0.09631373
 0.09631373 0.09631373 0.09631373 0.09631373 0.09631373 0.09631373
 0.09631373 0.09631373 0.09631373 0.09631373 0.09631373 0.09631373
 0.09631373 0.09631373 0.09631373 0.09631373 0.09631373 0.09631373
 0.09631373 0.09631373 0.09631373 0.09631373 0.09631373 0.09631373
 0.09631373 0.09631373 0.09631373 0.09631373 0.09631373 0.09631373
 0.09631373 0.09631373 0.09631373 0.09631373 0.09631373 0.09631373
 0.09631373 0.09631373 0.09631373 0.09631373 0.09631373 0.09631373
 0.09631373 0.09631373 0.09631373 0.09631373 0.09631373 0.09631373
 0.09631373 0.09631373 0.09631373 0.09631373 0.09631373 0.09631373
 0.09631373 0.09631373 0.09631373 0.09631373 0.09631373 0.09631373
 0.09631373 0.09631373 0.09631373 0.09631373 0.09631373 0.09631373
 0.09631373 0.09631373 0.09631373 0.09631373 0.09631373 0.09631373
 0.09631373 0.09631373 0.09631373 0.09631373 0.09631373 0.09631373
 0.09631373 0.09631373 0.09631373 0.09631373 0.09631373 0.09631373
 0.09631373 0.09631373 0.09631373 0.09631373 0.09631373 0.09631373
 0.09631373 0.09631373 0.09631373 0.09631373 0.09631373 0.09631373
 0.09631373 0.09631373 0.09631373 0.09631373 0.09631373 0.09631373
 0.09631373 0.09631373 0.09631373 0.09631373 0.09631373 0.09631373
 0.09631373 0.09631373 0.09631373 0.09631373 0.09631373 0.09631373
 0.09631373 0.09631373 0.09631373 0.09631373 0.09631373 0.09631373
 0.09631373 0.09631373 0.09631373 0.09631373 0.09631373 0.09631373
 0.09631373 0.09631373 0.09631373 0.09631373 0.09631373 0.09631373
 0.09631373 0.09631373 0.09631373 0.09631373 0.09631373 0.09631373
 0.09631373 0.09631373 0.09631373 0.09631373 0.09631373 0.09631373
 0.09631373 0.09631373 0.09631373 0.09631373 0.09631373 0.09631373
 0.09631373 0.09631373 0.09631373 0.09631373 0.09631373 0.09631373
 0.09631373 0.09631373 0.09631373 0.09631373 0.09631373 0.09631373
 0.09631373 0.09631373 0.09631373 0.09631373 0.09631373 0.09631373
 0.09631373 0.09631373 0.09631373 0.09631373 0.09631373 0.09631373
 0.09631373 0.09631373 0.09631373 0.09631373 0.09631373 0.09631373
 0.09631373 0.09631373 0.09631373 0.09631373 0.09631373 0.09631373
 0.09631373 0.09631373 0.09631373 0.09631373 0.09631373 0.09631373
 0.09631373 0.09631373 0.09631373 0.09631373 0.09631373 0.09631373
 0.09631373 0.09631373 0.09631373 0.09631373 0.09631373 0.09631373
 0.09631373 0.09631373 0.09631373 0.09631373 0.09631373 0.09631373
 0.09631373 0.09631373 0.09631373 0.09631373 0.09631373 0.09631373
 0.09631373 0.09631373 0.09631373 0.09631373 0.09631373 0.09631373
 0.09631373 0.09631373 0.09631373 0.09631373 0.09631373 0.09631373
 0.09631373 0.09631373 0.09631373 0.09631373]
[1. 1. 1. 1. 1. 1. 1. 1. 1. 1. 1. 1. 1. 1. 1. 1. 1. 1. 1. 1. 1. 1. 1. 1.
 1. 1. 1. 1. 1. 1. 1. 1. 1. 1. 1. 1. 1. 1. 1. 1. 1. 1. 1. 1. 1. 1. 1. 1.
 1. 1. 1. 1. 1. 1. 1. 1. 1. 1. 1. 1. 1. 1. 1. 1. 1. 1. 1. 1. 1. 1. 1. 1.
 1. 1. 1. 1. 1. 1. 1. 1. 1. 1. 1. 1. 1. 1. 1. 1. 1. 1. 1. 1. 1. 1. 1. 1.
 1. 1. 1. 1. 1. 1. 1. 1. 1. 1. 1. 1. 1. 1. 1. 1. 1. 1. 1. 1. 1. 1. 1. 1.
 1. 1. 1. 1. 1. 1. 1. 1. 1. 1. 1. 1. 1. 1. 1. 1. 1. 1. 1. 1. 1. 1. 1. 1.
 1. 1. 1. 1. 1. 1. 1. 1. 1. 1. 1. 1. 1. 1. 1. 1. 1. 1. 1. 1. 1. 1. 1. 1.
 1. 1. 1. 1. 1. 1. 1. 1. 1. 1. 1. 1. 1. 1. 1. 1. 1. 1. 1. 1. 1. 1. 1. 1.
 1. 1. 1. 1. 1. 1. 1. 1. 1. 1. 1. 1. 1. 1. 1. 1. 1. 1. 1. 1. 1. 1. 1. 1.
 1. 1. 1. 1. 1. 1. 1. 1. 1. 1. 1. 1. 1. 1. 1. 1. 1. 1. 1. 1. 1. 1. 1. 1.
 1. 1. 1. 1. 1. 1. 1. 1. 1. 1. 1. 1. 1. 1. 1. 1. 1. 1. 1. 1. 1. 1. 1. 1.
 1. 1. 1. 1. 1. 1. 1. 1. 1. 1. 1. 1. 1. 1. 1. 1. 1. 1. 1. 1. 1. 1. 1. 1.
 1. 1. 1. 1. 1. 1. 1. 1. 1. 1. 1. 1. 1. 1. 1. 1. 1. 1. 1. 1. 1. 1. 1. 1.
 1. 1. 1. 1. 1. 1. 1. 1. 1. 1. 1. 1. 1. 1. 1. 1. 1. 1. 1. 1. 1. 1. 1. 1.
 1. 1. 1. 1. 1. 1. 1. 1. 1. 1. 1. 1. 1. 1. 1. 1. 1. 1. 1. 1. 1. 1. 1. 1.
 1. 1. 1. 1. 1. 1. 1. 1. 1. 1. 1. 1. 1. 1. 1. 1. 1. 1. 1. 1. 1. 1. 1. 1.
 1. 1. 1. 1. 1. 1. 1. 1. 1. 1. 1. 1. 1. 1. 1. 1. 1. 1. 1. 1. 1. 1. 1. 1.
 1. 1. 1. 1. 1. 1. 1. 1. 1. 1. 1. 1. 1. 1. 1. 1. 1. 1. 1. 1. 1. 1. 1. 1.
 1. 1. 1. 1. 1. 1. 1. 1. 1. 1. 1. 1. 1. 1. 1. 1. 1. 1. 1. 1. 1. 1. 1. 1.
 1. 1. 1. 1. 1. 1. 1. 1. 1. 1. 1. 1. 1. 1. 1. 1. 1. 1. 1. 1. 1. 1. 1. 1.
 1. 1. 1. 1. 1. 1. 1. 1. 1. 1. 1. 1. 1. 1. 1. 1. 1. 1. 1. 1. 1. 1. 1. 1.
 1. 1. 1. 1. 1. 1. 1. 1. 1. 1. 1. 1. 1. 1. 1. 1. 1. 1. 1. 1. 1. 1. 1. 1.
 1. 1. 1. 1. 1. 1. 1. 1. 1. 1. 1. 1. 1. 1. 1. 1. 1. 1. 1. 1. 1. 1. 1. 1.
 1. 1. 1. 1. 1. 1. 1. 1. 1. 1. 1. 1. 1. 1. 1. 1. 1. 1. 1. 1. 1. 1. 1. 1.
 1. 1. 1. 1. 1. 1. 1. 1. 1. 1. 1. 1. 1. 1. 1. 1. 1. 1. 1. 1. 1. 1. 1. 1.
 1. 1. 1. 1. 1. 1. 1. 1. 1. 1. 1. 1. 1. 1. 1. 1. 1. 1. 1. 1. 1. 1. 1. 1.
 1. 1. 1. 1. 1. 1. 1. 1. 1. 1. 1. 1. 1. 1. 1. 1. 1. 1. 1. 1. 1. 1. 1. 1.
 1. 1. 1. 1. 1. 1. 1. 1. 1. 1. 1. 1. 1. 1. 1. 1. 1. 1. 1. 1. 1. 1. 1. 1.
 1. 1. 1. 1. 1. 1. 1. 1. 1. 1. 1. 1. 1. 1. 1. 1. 1. 1. 1. 1. 1. 1. 1. 1.
 1. 1. 1. 1. 1. 1. 1. 1. 1. 1. 1. 1. 1. 1. 1. 1. 1. 1. 1. 1. 1. 1. 1. 1.
 1. 1. 1. 1. 1. 1. 1. 1. 1. 1. 1. 1. 1. 1. 1. 1. 1. 1. 1. 1. 1. 1. 1. 1.
 1. 1. 1. 1. 1. 1. 1. 1. 1. 1. 1. 1. 1. 1. 1. 1. 1. 1. 1. 1. 1. 1. 1. 1.
 1. 1. 1. 1. 1. 1. 1. 1. 1. 1. 1. 1. 1. 1. 1. 1. 1. 1. 1. 1. 1. 1. 1. 1.
 1. 1. 1. 1. 1. 1. 1. 1. 1. 1. 1. 1. 1. 1. 1. 1. 1. 1. 1. 1. 1. 1. 1. 1.
 1. 1. 1. 1. 1. 1. 1. 1. 1. 1. 1. 1. 1. 1. 1. 1. 1. 1. 1. 1. 1. 1. 1. 1.
 1. 1. 1. 1. 1. 1. 1. 1. 1. 1. 1. 1. 1. 1. 1. 1. 1. 1. 1. 1. 1. 1. 1. 1.
 1. 1. 1. 1. 1. 1. 1. 1. 1. 1. 1. 1. 1. 1. 1. 1. 1. 1. 1. 1. 1. 1. 1. 1.
 1. 1. 1. 1. 1. 1. 1. 1. 1. 1. 1. 1. 1. 1. 1. 1. 1. 1. 1. 1. 1. 1. 1. 1.
 1. 1. 1. 1. 1. 1. 1. 1. 1. 1. 1. 1. 1. 1. 1. 1. 1. 1. 1. 1. 1. 1. 1. 1.
 1. 1. 1. 1. 1. 1. 1. 1. 1. 1. 1. 1. 1. 1. 1. 1. 1. 1. 1. 1. 1. 1. 1. 1.
 1. 1. 1. 1. 1. 1. 1. 1. 1. 1. 1. 1. 1. 1. 1. 1. 1. 1. 1. 1. 1. 1. 1. 1.
 1. 1. 1. 1. 1. 1. 1. 1. 1. 1. 1. 1. 1. 1. 1. 1.]
[0.005598923387474434, 0.005598923387474434, 0.005598923387474434, 0.005598923387474434, 0.005598923387474434, 0.005598923387474434, 0.005598923387474434, 0.005598923387474434, 0.005598923387474434, 0.005598923387474434, 0.005598923387474434, 0.005598923387474434, 0.005598923387474434, 0.005598923387474434, 0.005598923387474434, 0.005598923387474434, 0.005598923387474434, 0.005598923387474434, 0.005598923387474434, 0.005598923387474434]
[0.0, 0.0, 0.0, 0.0, 0.0, 0.0, 0.0, 0.0, 0.0, 0.0, 0.0, 0.0, 0.0, 0.0, 0.0, 0.0, 0.0, 0.0, 0.0, 0.0]
[0, 1, 0, 0, 1, 0, 0, 0, 0, 1, 0, 0, 1, 1, 0, 0]
3.2404460381440003
