[0.35603809 0.34961049 0.34212068 0.33626862 0.32709977 0.32261504
 0.32005618 0.31331258 0.30778773 0.30259588 0.2994871  0.29500874
 0.28934302 0.28607381 0.28356689 0.27906206 0.27626207 0.2730095
 0.27133816 0.26665744 0.26665744 0.26511275 0.2596935  0.25724224
 0.25480503 0.25211558 0.25062659 0.24657229 0.24486304 0.24428641
 0.24304101 0.24304101 0.24013478 0.23977018 0.2382251  0.23327654
 0.23225176 0.23075303 0.22972606 0.22876985 0.22666329 0.22233048
 0.22233048 0.21963584 0.2178978  0.21730717 0.21482273 0.21296691
 0.21287968 0.21216046 0.21061926 0.20925371 0.20599527 0.20520686
 0.20351365 0.20228693 0.20156444 0.20062022 0.19868503 0.19761825
 0.19761825 0.19454597 0.19378462 0.19303963 0.19303963 0.19280721
 0.19280721 0.19130525 0.19067818 0.19037359 0.1903395  0.18829409
 0.18797333 0.18775391 0.18605139 0.18556379 0.18556379 0.18435147
 0.18435147 0.1821584  0.18091099 0.17945537 0.17811304 0.17723719
 0.17552039 0.17501628 0.17501628 0.1727292  0.17009979 0.16821237
 0.16766777 0.16769045 0.16763853 0.16688875 0.16642566 0.16556732
 0.16561296 0.16509401 0.16382129 0.16382129 0.16382129 0.16394004
 0.16394004 0.16335402 0.16335402 0.16335402 0.16335402 0.16326001
 0.16337264 0.16322219 0.16253141 0.16162626 0.16155984 0.16088502
 0.16112143 0.16112143 0.16112143 0.16091922 0.15955918 0.15872499
 0.15872499 0.15872499 0.15872499 0.15556685 0.15546066 0.15487402
 0.15487402 0.15499914 0.15499914 0.15499914 0.15499914 0.15462537
 0.1547655  0.15448723 0.15448723 0.15509553 0.15350049 0.15412197
 0.15364314 0.15364314 0.15366955 0.15366955 0.15427293 0.15427293
 0.15453914 0.15440893 0.15440893 0.15440893 0.15355825 0.15335364
 0.15334658 0.15339962 0.15341026 0.15390706 0.15390706 0.15284474
 0.15319278 0.15319278 0.15278792 0.15260273 0.15266679 0.15371245
 0.15371245 0.15367677 0.15367677 0.15365511 0.15401195 0.15401195
 0.15401195 0.15401195 0.1543474  0.15480223 0.15480223 0.15480223
 0.15431869 0.15431869 0.15335684 0.15335684 0.15335684 0.15335684
 0.15335684 0.15337953 0.15311137 0.15311137 0.15311137 0.15311137
 0.1535009  0.15392642 0.15442527 0.15528231 0.15510827 0.15555782
 0.1558083  0.1558083  0.15588524 0.15588524 0.15588524 0.15588524
 0.15588524 0.15518222 0.15518222 0.15518222 0.15539784 0.15539784
 0.15539784 0.15503194 0.15631683 0.15690141 0.15753595 0.15687888
 0.15687888 0.15687888 0.15687888 0.15671828 0.15671828 0.15721327
 0.15721327 0.15721327 0.15721327 0.15817121 0.16000949 0.16000949
 0.16000949 0.16000949 0.16000949 0.16027565 0.16027565 0.16027565
 0.16027565 0.16027565 0.16013285 0.16024371 0.16024371 0.16152062
 0.16152062 0.16152062 0.16170431 0.16170431 0.16170431 0.16170431
 0.1622331  0.1622331  0.16153767 0.16153767 0.16153767 0.16138714
 0.16138714 0.16138714 0.16197638 0.16197638 0.16198385 0.16229484
 0.16229484 0.16229484 0.16229484 0.16265049 0.16317449 0.16317449
 0.16337143 0.16337143 0.16337244 0.16348193 0.16430832 0.16430832
 0.16430832 0.16430832 0.16430832 0.1650899  0.16524314 0.16524314
 0.16524314 0.16524314 0.16524314 0.16524314 0.16622989 0.16622989
 0.16622989 0.16622989 0.16622989 0.16622989 0.16622989 0.16622989
 0.16622989 0.16622989 0.16622989 0.16622989 0.16622989 0.16709786
 0.16810778 0.16938762 0.16938762 0.16938762 0.16938762 0.16938762
 0.16938762 0.16938762 0.16938762 0.16938762 0.16938762 0.16938762
 0.16938762 0.16933626 0.16933626 0.16933626 0.16933626 0.16933626
 0.16933626 0.16933626 0.16933626 0.16933626 0.16933626 0.16933626
 0.16933626 0.16933626 0.16933626 0.16933626 0.16933626 0.16933626
 0.16933626 0.16933626 0.16933626 0.16933626 0.16933626 0.17013022
 0.17013022 0.17013022 0.17013022 0.17013022 0.17013022 0.17013022
 0.17005128 0.17005128 0.17005228 0.17005228 0.17005228 0.17005228
 0.17005228 0.17005228 0.17028975 0.17028975 0.17028975 0.17028975
 0.17028975 0.17028975 0.17028975 0.17028975 0.17028975 0.17028975
 0.17022395 0.17022395 0.17022395 0.17022395 0.17022395 0.17022395
 0.17104909 0.17120696 0.17097166 0.17097166 0.17097166 0.17097166
 0.17097166 0.17097166 0.17097166 0.17097166 0.17097166 0.17097166
 0.17097166 0.17097166 0.17097166 0.17097166 0.1713712  0.1713712
 0.1713712  0.1713712  0.1713712  0.1713712  0.1713712  0.1713712
 0.17152825 0.17152825 0.17209712 0.17236173 0.17278943 0.17278943
 0.1716132  0.1716132  0.1716132  0.17270146 0.17270146 0.17270146
 0.17270146 0.17270146 0.17270146 0.17270146 0.17270146 0.17270146
 0.17280848 0.17280848 0.17280848 0.17280848 0.17280848 0.17280848
 0.17280848 0.17280848 0.17280848 0.17280848 0.17280848 0.17280848
 0.17280848 0.17280848 0.17280848 0.17280848 0.17268386 0.17248571
 0.17248571 0.17248571 0.17248571 0.17248571 0.17248571 0.17248571
 0.17248571 0.17248571 0.17248571 0.17248571 0.17248571 0.17248571
 0.17248571 0.17248571 0.17248571 0.17248571 0.17248571 0.17248571
 0.17248571 0.17248571 0.17248571 0.17248571 0.17248571 0.17248571
 0.17240727 0.17240727 0.17240727 0.17240727 0.17240727 0.17240727
 0.17240727 0.17240727 0.17240727 0.17240727 0.17240727 0.17240727
 0.17240727 0.17240727 0.17240727 0.17240727 0.17301076 0.17301076
 0.17301076 0.17301076 0.17301076 0.17301076 0.17301076 0.17301076
 0.17301076 0.17301076 0.17301076 0.17301076 0.17301076 0.17301076
 0.17301076 0.17301076 0.17301076 0.17301076 0.17301076 0.17301076
 0.17319923 0.17319923 0.17319923 0.17319923 0.17319923 0.17319923
 0.17319923 0.17319923 0.17319923 0.17319923 0.17319923 0.17319923
 0.17319923 0.17319923 0.17319923 0.17319923 0.17319923 0.17319923
 0.17319923 0.17319923 0.17319923 0.17319923 0.17319923 0.17319923
 0.17319923 0.17319923 0.17319923 0.17319923 0.17319923 0.17319923
 0.17319923 0.17375217 0.17375217 0.17375217 0.17375217 0.17375217
 0.17375217 0.17375217 0.17375217 0.17375217 0.1750631  0.1750631
 0.1750631  0.1750631  0.1750631  0.1750631  0.1750631  0.1750631
 0.1750631  0.1750631  0.1750631  0.1750631  0.1750631  0.1750631
 0.1750631  0.1750631  0.1750631  0.1750631  0.1750631  0.1750631
 0.1750631  0.17515472 0.17515472 0.17515472 0.17515472 0.17515472
 0.17515472 0.17515472 0.17515472 0.17515472 0.17515472 0.17591507
 0.17591507 0.17591507 0.17591507 0.17591507 0.17591507 0.17591507
 0.17591507 0.17591507 0.17591507 0.17591507 0.17582394 0.17596686
 0.17596686 0.17596686 0.17596686 0.17596686 0.17596686 0.17596686
 0.17596686 0.17596686 0.17596686 0.17596686 0.17596686 0.17596686
 0.17596686 0.17596686 0.17596686 0.17596686 0.17596686 0.17596686
 0.17596686 0.17596686 0.17596686 0.17596686 0.17596686 0.17596686
 0.17596686 0.17596686 0.17596686 0.17596686 0.17596686 0.17596686
 0.17596686 0.17596686 0.17596686 0.17596686 0.17596686 0.17596686
 0.17596686 0.17596686 0.17596686 0.17596686 0.17596686 0.17596686
 0.17596686 0.17596686 0.17596686 0.17596686 0.17596686 0.17596686
 0.17596686 0.17596686 0.17596686 0.17596686 0.17596686 0.17596686
 0.17596686 0.17596686 0.17596686 0.17596686 0.17596686 0.17596686
 0.17596686 0.17596686 0.17596686 0.17596686 0.17596686 0.17596686
 0.17596686 0.17596686 0.17596686 0.17596686 0.17596686 0.17596686
 0.17596686 0.17596686 0.17596686 0.17596686 0.17596686 0.17596686
 0.17596686 0.17596686 0.17596686 0.17596686 0.17596686 0.17596686
 0.17596686 0.17596686 0.17596686 0.17596686 0.17596686 0.17596686
 0.17596686 0.17596686 0.17596686 0.17596686 0.17596686 0.17596686
 0.17596686 0.17596686 0.17596686 0.17596686 0.17596686 0.17596686
 0.17596686 0.17596686 0.17596686 0.17596686 0.17596686 0.17596686
 0.1764403  0.1764403  0.1764403  0.1764403  0.1764403  0.1764403
 0.1764403  0.1764403  0.1764403  0.1764403  0.1764403  0.1764403
 0.1764403  0.1764403  0.1764403  0.1764403  0.1764403  0.1764403
 0.1764403  0.1764403  0.1764403  0.1764403  0.1764403  0.1764403
 0.1764403  0.1764403  0.1764403  0.1764403  0.1764403  0.1764403
 0.1764403  0.1764403  0.1764403  0.1764403  0.1764403  0.1764403
 0.1764403  0.1764403  0.1764403  0.1764403  0.1764403  0.1764403
 0.1764403  0.1764403  0.1764403  0.1764403  0.1764403  0.1764403
 0.1764403  0.1764403  0.1764403  0.1764403  0.1764403  0.1764403
 0.1764403  0.1764403  0.1764403  0.1764403  0.1764403  0.1764403
 0.1764403  0.1764403  0.1764403  0.1764403  0.1764403  0.1764403
 0.1764403  0.1764403  0.1764403  0.1764403  0.1764403  0.1764403
 0.1764403  0.1764403  0.1764403  0.1764403  0.1764403  0.1764403
 0.1764403  0.1764403  0.1764403  0.1764403  0.1764403  0.1764403
 0.1764403  0.17659716 0.17659716 0.17659716 0.17659716 0.17659716
 0.17659716 0.17659716 0.17659716 0.17659716 0.17659716 0.17659716
 0.17668649 0.17668649 0.17668649 0.17668649 0.17668649 0.17668649
 0.17668649 0.17668649 0.17668649 0.17668649 0.17668649 0.17668649
 0.17668649 0.17668649 0.17668649 0.17668649 0.17668649 0.17668649
 0.17668649 0.17668649 0.17668649 0.17668649 0.17668649 0.17668649
 0.17668649 0.17668649 0.17668649 0.17668649 0.17716146 0.17716146
 0.17716146 0.17716146 0.17716146 0.17716146 0.17716146 0.17716146
 0.17716146 0.17716146 0.17716146 0.17716146 0.17716146 0.17716146
 0.17716146 0.17716146 0.17716146 0.17716146 0.17716146 0.17716146
 0.17716146 0.17716146 0.17716146 0.17716146 0.17716146 0.17716146
 0.17716146 0.17716146 0.17716146 0.17716146 0.17716146 0.17716146
 0.17716146 0.17716146 0.17716146 0.17716146 0.17716146 0.17716146
 0.17716146 0.17716146 0.17716146 0.17716146 0.17716146 0.17716146
 0.17716146 0.17716146 0.17716146 0.17716146 0.17716146 0.17716146
 0.17716146 0.17716146 0.17716146 0.17716146 0.17716146 0.17716146
 0.17716146 0.17716146 0.17716146 0.17716146 0.17716146 0.17716146
 0.17716146 0.17716146 0.17716146 0.17716146 0.17716146 0.17716146
 0.17716146 0.17716146 0.17716146 0.17716146 0.17716146 0.17716146
 0.17716146 0.17716146 0.17716146 0.17716146 0.17716146 0.17716146
 0.17716146 0.17716146 0.17716146 0.17716146 0.17716146 0.17716146
 0.17716146 0.17716146 0.17716146 0.17716146 0.17716146 0.17716146
 0.17716146 0.17716146 0.17716146 0.17716146 0.17716146 0.17716146
 0.17716146 0.17716146 0.17716146 0.17716146 0.17716146 0.17716146
 0.17716146 0.17716146 0.17716146 0.17716146 0.17716146 0.17716146
 0.17716146 0.17716146 0.17716146 0.17716146 0.17716146 0.17716146
 0.17716146 0.17716146 0.17716146 0.17716146 0.17716146 0.17716146
 0.17716146 0.17716146 0.17716146 0.17716146 0.17716146 0.17716146
 0.17716146 0.17716146 0.17716146 0.17716146 0.17716146 0.17716146
 0.17716146 0.17747519 0.17747519 0.17747519 0.17747519 0.17747519
 0.17747519 0.17747519 0.17747519 0.17747519 0.17747519 0.17747519
 0.17747519 0.17747519 0.17747519 0.17747519 0.17747519 0.17747519
 0.17747519 0.17747519 0.17747519 0.17747519 0.17747519 0.17747519
 0.17747519 0.17747519 0.17747519 0.17747519 0.17747519 0.17747519
 0.17747519 0.17747519 0.17747519 0.17747519 0.17747519 0.17747519
 0.17747519 0.17747519 0.17747519 0.17747519 0.17747519 0.17747519
 0.17747519 0.17747519 0.17747519 0.17747519 0.17747519 0.17747519
 0.17747519 0.17747519 0.17743877 0.17743877 0.17743877 0.17743877
 0.17743877 0.17743877 0.17743877 0.17743877 0.17743877 0.17743877
 0.17743877 0.17743877 0.17743877 0.1775172  0.1775172  0.1775172
 0.1775172  0.1775172  0.1775172  0.1775172  0.1775172  0.1775172
 0.1775172  0.17800659 0.17800659 0.17800659]
[8.504 8.396 8.244 8.14  7.972 7.864 7.816 7.68  7.556 7.436 7.364 7.264
 7.132 7.072 7.008 6.892 6.816 6.732 6.68  6.548 6.548 6.516 6.384 6.344
 6.268 6.176 6.164 6.068 6.02  5.98  5.932 5.932 5.88  5.864 5.808 5.704
 5.672 5.632 5.62  5.588 5.536 5.456 5.456 5.376 5.312 5.304 5.228 5.196
 5.188 5.164 5.096 5.02  4.928 4.872 4.796 4.772 4.744 4.716 4.684 4.66
 4.66  4.544 4.52  4.488 4.488 4.432 4.432 4.392 4.356 4.336 4.32  4.256
 4.232 4.208 4.176 4.116 4.116 4.032 4.032 3.952 3.936 3.856 3.772 3.72
 3.672 3.652 3.652 3.596 3.532 3.488 3.476 3.456 3.428 3.396 3.356 3.328
 3.316 3.268 3.248 3.248 3.248 3.236 3.236 3.188 3.188 3.188 3.188 3.164
 3.128 3.1   3.084 3.068 3.048 2.988 2.952 2.952 2.952 2.92  2.864 2.824
 2.824 2.824 2.824 2.748 2.744 2.728 2.728 2.716 2.716 2.716 2.716 2.676
 2.644 2.624 2.624 2.584 2.572 2.56  2.556 2.556 2.52  2.52  2.476 2.476
 2.432 2.404 2.404 2.404 2.392 2.36  2.328 2.296 2.28  2.268 2.268 2.256
 2.244 2.244 2.224 2.208 2.2   2.176 2.176 2.16  2.16  2.152 2.136 2.136
 2.136 2.136 2.116 2.112 2.112 2.112 2.108 2.108 2.092 2.092 2.092 2.092
 2.092 2.084 2.08  2.08  2.08  2.08  2.072 2.06  2.056 2.032 2.016 2.008
 1.996 1.996 1.98  1.98  1.98  1.98  1.98  1.96  1.96  1.96  1.956 1.956
 1.956 1.952 1.94  1.924 1.904 1.888 1.888 1.888 1.888 1.876 1.876 1.868
 1.868 1.868 1.868 1.86  1.836 1.836 1.836 1.836 1.836 1.832 1.832 1.832
 1.832 1.832 1.828 1.824 1.824 1.808 1.808 1.808 1.8   1.8   1.8   1.8
 1.796 1.796 1.788 1.788 1.788 1.784 1.784 1.784 1.772 1.772 1.764 1.76
 1.76  1.76  1.76  1.752 1.744 1.744 1.728 1.728 1.724 1.716 1.7   1.7
 1.7   1.7   1.7   1.692 1.688 1.688 1.688 1.688 1.688 1.688 1.672 1.672
 1.672 1.672 1.672 1.672 1.672 1.672 1.672 1.672 1.672 1.672 1.672 1.668
 1.656 1.648 1.648 1.648 1.648 1.648 1.648 1.648 1.648 1.648 1.648 1.648
 1.648 1.64  1.64  1.64  1.64  1.64  1.64  1.64  1.64  1.64  1.64  1.64
 1.64  1.64  1.64  1.64  1.64  1.64  1.64  1.64  1.64  1.64  1.64  1.628
 1.628 1.628 1.628 1.628 1.628 1.628 1.624 1.624 1.62  1.62  1.62  1.62
 1.62  1.62  1.616 1.616 1.616 1.616 1.616 1.616 1.616 1.616 1.616 1.616
 1.592 1.592 1.592 1.592 1.592 1.592 1.588 1.584 1.58  1.58  1.58  1.58
 1.58  1.58  1.58  1.58  1.58  1.58  1.58  1.58  1.58  1.58  1.532 1.532
 1.532 1.532 1.532 1.532 1.532 1.532 1.524 1.524 1.508 1.484 1.468 1.468
 1.46  1.46  1.46  1.448 1.448 1.448 1.448 1.448 1.448 1.448 1.448 1.448
 1.44  1.44  1.44  1.44  1.44  1.44  1.44  1.44  1.44  1.44  1.44  1.44
 1.44  1.44  1.44  1.44  1.428 1.416 1.416 1.416 1.416 1.416 1.416 1.416
 1.416 1.416 1.416 1.416 1.416 1.416 1.416 1.416 1.416 1.416 1.416 1.416
 1.416 1.416 1.416 1.416 1.416 1.416 1.412 1.412 1.412 1.412 1.412 1.412
 1.412 1.412 1.412 1.412 1.412 1.412 1.412 1.412 1.412 1.412 1.408 1.408
 1.408 1.408 1.408 1.408 1.408 1.408 1.408 1.408 1.408 1.408 1.408 1.408
 1.408 1.408 1.408 1.408 1.408 1.408 1.396 1.396 1.396 1.396 1.396 1.396
 1.396 1.396 1.396 1.396 1.396 1.396 1.396 1.396 1.396 1.396 1.396 1.396
 1.396 1.396 1.396 1.396 1.396 1.396 1.396 1.396 1.396 1.396 1.396 1.396
 1.396 1.392 1.392 1.392 1.392 1.392 1.392 1.392 1.392 1.392 1.376 1.376
 1.376 1.376 1.376 1.376 1.376 1.376 1.376 1.376 1.376 1.376 1.376 1.376
 1.376 1.376 1.376 1.376 1.376 1.376 1.376 1.372 1.372 1.372 1.372 1.372
 1.372 1.372 1.372 1.372 1.372 1.368 1.368 1.368 1.368 1.368 1.368 1.368
 1.368 1.368 1.368 1.368 1.36  1.352 1.352 1.352 1.352 1.352 1.352 1.352
 1.352 1.352 1.352 1.352 1.352 1.352 1.352 1.352 1.352 1.352 1.352 1.352
 1.352 1.352 1.352 1.352 1.352 1.352 1.352 1.352 1.352 1.352 1.352 1.352
 1.352 1.352 1.352 1.352 1.352 1.352 1.352 1.352 1.352 1.352 1.352 1.352
 1.352 1.352 1.352 1.352 1.352 1.352 1.352 1.352 1.352 1.352 1.352 1.352
 1.352 1.352 1.352 1.352 1.352 1.352 1.352 1.352 1.352 1.352 1.352 1.352
 1.352 1.352 1.352 1.352 1.352 1.352 1.352 1.352 1.352 1.352 1.352 1.352
 1.352 1.352 1.352 1.352 1.352 1.352 1.352 1.352 1.352 1.352 1.352 1.352
 1.352 1.352 1.352 1.352 1.352 1.352 1.352 1.352 1.352 1.352 1.352 1.352
 1.352 1.352 1.352 1.352 1.352 1.352 1.336 1.336 1.336 1.336 1.336 1.336
 1.336 1.336 1.336 1.336 1.336 1.336 1.336 1.336 1.336 1.336 1.336 1.336
 1.336 1.336 1.336 1.336 1.336 1.336 1.336 1.336 1.336 1.336 1.336 1.336
 1.336 1.336 1.336 1.336 1.336 1.336 1.336 1.336 1.336 1.336 1.336 1.336
 1.336 1.336 1.336 1.336 1.336 1.336 1.336 1.336 1.336 1.336 1.336 1.336
 1.336 1.336 1.336 1.336 1.336 1.336 1.336 1.336 1.336 1.336 1.336 1.336
 1.336 1.336 1.336 1.336 1.336 1.336 1.336 1.336 1.336 1.336 1.336 1.336
 1.336 1.336 1.336 1.336 1.336 1.336 1.336 1.332 1.332 1.332 1.332 1.332
 1.332 1.332 1.332 1.332 1.332 1.332 1.328 1.328 1.328 1.328 1.328 1.328
 1.328 1.328 1.328 1.328 1.328 1.328 1.328 1.328 1.328 1.328 1.328 1.328
 1.328 1.328 1.328 1.328 1.328 1.328 1.328 1.328 1.328 1.328 1.32  1.32
 1.32  1.32  1.32  1.32  1.32  1.32  1.32  1.32  1.32  1.32  1.32  1.32
 1.32  1.32  1.32  1.32  1.32  1.32  1.32  1.32  1.32  1.32  1.32  1.32
 1.32  1.32  1.32  1.32  1.32  1.32  1.32  1.32  1.32  1.32  1.32  1.32
 1.32  1.32  1.32  1.32  1.32  1.32  1.32  1.32  1.32  1.32  1.32  1.32
 1.32  1.32  1.32  1.32  1.32  1.32  1.32  1.32  1.32  1.32  1.32  1.32
 1.32  1.32  1.32  1.32  1.32  1.32  1.32  1.32  1.32  1.32  1.32  1.32
 1.32  1.32  1.32  1.32  1.32  1.32  1.32  1.32  1.32  1.32  1.32  1.32
 1.32  1.32  1.32  1.32  1.32  1.32  1.32  1.32  1.32  1.32  1.32  1.32
 1.32  1.32  1.32  1.32  1.32  1.32  1.32  1.32  1.32  1.32  1.32  1.32
 1.32  1.32  1.32  1.32  1.32  1.32  1.32  1.32  1.32  1.32  1.32  1.32
 1.32  1.32  1.32  1.32  1.32  1.32  1.32  1.32  1.32  1.32  1.32  1.32
 1.32  1.316 1.316 1.316 1.316 1.316 1.316 1.316 1.316 1.316 1.316 1.316
 1.316 1.316 1.316 1.316 1.316 1.316 1.316 1.316 1.316 1.316 1.316 1.316
 1.316 1.316 1.316 1.316 1.316 1.316 1.316 1.316 1.316 1.316 1.316 1.316
 1.316 1.316 1.316 1.316 1.316 1.316 1.316 1.316 1.316 1.316 1.316 1.316
 1.316 1.316 1.312 1.312 1.312 1.312 1.312 1.312 1.312 1.312 1.312 1.312
 1.312 1.312 1.312 1.308 1.308 1.308 1.308 1.308 1.308 1.308 1.308 1.308
 1.308 1.276 1.276 1.276]
[0.038373891419966236, 0.016074101467706287, 0.018987792411548337, 0.013851048070146327, 0.011017515928675836, 0.012415957563013507, 0.013150847034988004, 0.01290524857259357, 0.015300909943360688, 0.01552276318628594, 0.014868036577688723, 0.014656830719788924, 0.01488898240835695, 0.01488898240835695, 0.014211583814731239, 0.014211583814731239, 0.014222091785739594, 0.014222091785739594, 0.014222091785739594, 0.01427538002094529]
[0.5871149802210807, 0.4634479474547277, 0.45141555134930816, 0.43203703544950867, 0.31622776601683794, 0.24573156085452272, 0.27410946718418905, 0.22256684389189688, 0.17708754896942927, 0.17186040847152667, 0.1763632614803888, 0.19701776569639595, 0.1945661841122449, 0.1945661841122449, 0.20761502835777565, 0.20761502835777565, 0.19959959919799436, 0.19959959919799436, 0.19959959919799436, 0.20411761315476915]
[0, 0, 2, 0, 0, 0, 0, 0, 0, 0, 0, 1, 2, 0, 0, 0]
3.6200459706066725
[0.36619049 0.36424784 0.35731071 0.35172464 0.35011484 0.34605864
 0.33996191 0.33450138 0.33180431 0.32868288 0.32198769 0.31788036
 0.31132832 0.30641918 0.3006125  0.29855081 0.29412874 0.29143217
 0.28751665 0.28589438 0.28455126 0.28051888 0.27885143 0.2780862
 0.27440947 0.27293168 0.27157024 0.26955322 0.26727163 0.26531904
 0.26090591 0.25754584 0.25456713 0.25223607 0.24977592 0.24858949
 0.24475626 0.24294504 0.24294504 0.24029848 0.23849826 0.23433285
 0.22917516 0.22603667 0.22345239 0.22173062 0.21877636 0.2166538
 0.2156447  0.2150605  0.20964097 0.20756473 0.20705739 0.20462243
 0.20331089 0.20220463 0.20101989 0.20101989 0.19983069 0.19715839
 0.19647062 0.19647062 0.19514182 0.19514182 0.19459935 0.19397073
 0.1933616  0.19216542 0.19106885 0.18990621 0.18990621 0.18906594
 0.18913742 0.18695988 0.1868341  0.18592068 0.18530491 0.18530491
 0.18504046 0.18431048 0.18249464 0.18189834 0.18050982 0.17967581
 0.17936245 0.17954781 0.17927444 0.17927444 0.17647583 0.17611768
 0.17515631 0.17429885 0.17364673 0.17372477 0.1730297  0.1730297
 0.17229994 0.1724415  0.17188154 0.16970061 0.16804577 0.16804577
 0.16785574 0.16673157 0.16651696 0.16640243 0.16657877 0.16656965
 0.16656965 0.16585739 0.16478136 0.16478136 0.16463351 0.16421141
 0.1631901  0.16219202 0.16219202 0.16219202 0.16219202 0.16072336
 0.16129851 0.16005356 0.16002939 0.16019322 0.16042676 0.16042676
 0.16042102 0.16052967 0.16043971 0.16043971 0.15963339 0.16014934
 0.16106686 0.16106686 0.16106686 0.16091069 0.16006156 0.16094609
 0.16094609 0.16090067 0.15923695 0.15923695 0.15915245 0.15850023
 0.15826472 0.15826472 0.15842616 0.15855351 0.15855351 0.15836614
 0.15836614 0.15814356 0.1577346  0.1577346  0.15782407 0.15782407
 0.15782407 0.1566811  0.15693283 0.15693283 0.15739495 0.1573352
 0.15728527 0.15643    0.15643    0.15643    0.15643    0.15643
 0.15595878 0.15595878 0.15624568 0.15624568 0.15624568 0.15593325
 0.15593325 0.15593325 0.15593325 0.15559944 0.15575899 0.15544252
 0.15500821 0.15500821 0.15593583 0.15501588 0.15493007 0.15510853
 0.15510853 0.15510853 0.15510853 0.15510853 0.15520819 0.15520819
 0.15511658 0.15511658 0.15511658 0.15563473 0.15673145 0.15838168
 0.15838168 0.15838168 0.15838168 0.15831282 0.15831282 0.15831282
 0.15934406 0.15934406 0.15934406 0.15957469 0.15957469 0.15909906
 0.15909906 0.15909906 0.15957674 0.15975576 0.16033914 0.16033914
 0.16033914 0.16045909 0.16035607 0.16035607 0.16121247 0.16077026
 0.1620289  0.1620289  0.16247783 0.16247783 0.16256615 0.16210801
 0.16278719 0.16400449 0.16400449 0.16418949 0.16418949 0.16365938
 0.16365938 0.16365938 0.16365938 0.16365938 0.16365938 0.16365938
 0.16459533 0.16459533 0.16459533 0.16531494 0.16531494 0.16645325
 0.16597133 0.16597133 0.16597133 0.16597133 0.16597133 0.16679822
 0.16679822 0.16686638 0.16686638 0.16686638 0.16686638 0.16686638
 0.16686638 0.16686638 0.16686638 0.16686638 0.16686638 0.16686638
 0.16686638 0.16686638 0.16686638 0.16684335 0.16684335 0.16684335
 0.16684335 0.16723489 0.16760283 0.16760283 0.16760283 0.16760283
 0.16760283 0.16846159 0.16846159 0.16846159 0.16846159 0.16885375
 0.16885375 0.16885375 0.16885375 0.16885375 0.16948021 0.16948021
 0.16948021 0.16948021 0.16948021 0.16948021 0.16948021 0.16948021
 0.16948021 0.16948021 0.16948021 0.16948021 0.16948021 0.16948021
 0.16954022 0.16954022 0.16932799 0.1694835  0.1694835  0.1694835
 0.1694835  0.1694835  0.1694835  0.1694835  0.16991488 0.16991488
 0.16991488 0.16914115 0.16914115 0.16914115 0.16914115 0.17008699
 0.17008699 0.17008699 0.17008699 0.17008699 0.17008699 0.16989166
 0.16989166 0.16989166 0.16989166 0.16989166 0.17010401 0.17010401
 0.17010401 0.17010401 0.17010401 0.17010401 0.17010401 0.17010401
 0.17010401 0.17010401 0.17010401 0.17010401 0.17010401 0.17010401
 0.17010401 0.17010401 0.17010401 0.17010401 0.1697934  0.1702976
 0.1702976  0.1702976  0.1702976  0.1702976  0.1702976  0.1702976
 0.17075823 0.17075823 0.17075823 0.17075823 0.17075823 0.17075823
 0.17075823 0.17075823 0.17075823 0.1711187  0.17121347 0.17121347
 0.17121347 0.17121347 0.17121347 0.17121347 0.17121347 0.17121347
 0.17121347 0.17121347 0.17121347 0.17121347 0.17121347 0.17121347
 0.17121347 0.17121347 0.17204385 0.17204385 0.17204385 0.17204385
 0.17204385 0.17204385 0.17204385 0.17204385 0.17204385 0.17204385
 0.17204385 0.17204385 0.17204385 0.17264453 0.17264453 0.17264453
 0.17264453 0.17264453 0.17264453 0.17264453 0.17264453 0.17264453
 0.17321783 0.17346946 0.17346946 0.17346946 0.17346946 0.17346946
 0.17346946 0.17346946 0.17346946 0.17346946 0.17346946 0.17346946
 0.17346946 0.17346946 0.17378599 0.17378599 0.17378599 0.17378599
 0.17378599 0.17378599 0.17378599 0.17378599 0.17378599 0.17378599
 0.17378599 0.17378599 0.17378599 0.17378599 0.17378599 0.17378599
 0.17378599 0.17378599 0.17378599 0.17378599 0.17378599 0.17378599
 0.17378599 0.17378599 0.17378599 0.17378599 0.17378599 0.17378599
 0.17378599 0.17378599 0.17378599 0.17378599 0.17378599 0.17378599
 0.17378599 0.17378599 0.17378599 0.17378599 0.17378599 0.17378599
 0.17378599 0.17378599 0.17378599 0.17378599 0.17378599 0.17378599
 0.17378599 0.17411092 0.17411092 0.17411092 0.17411092 0.17411092
 0.17411092 0.17411092 0.17411092 0.17411092 0.17411092 0.17411092
 0.17468362 0.17471686 0.17471686 0.17471686 0.17471686 0.17471686
 0.17471686 0.17471686 0.17471686 0.17471686 0.17471686 0.17399153
 0.17422682 0.17422682 0.17395885 0.17395885 0.17395885 0.17395885
 0.17362271 0.17362271 0.17362271 0.17362271 0.17362271 0.17362271
 0.17362271 0.17362271 0.17362271 0.17362271 0.17362271 0.17362271
 0.17362271 0.17362271 0.17362271 0.17362271 0.17362271 0.17362271
 0.17362271 0.17362271 0.17362271 0.17362271 0.17362271 0.17362271
 0.17362271 0.17362271 0.17362271 0.17362271 0.17362271 0.17362271
 0.17362271 0.17362271 0.17372776 0.17372776 0.17372776 0.17372776
 0.17372776 0.17372776 0.17372776 0.17372776 0.17372776 0.17372776
 0.17372776 0.17372776 0.17372776 0.17372776 0.17367519 0.17367519
 0.17367519 0.17367519 0.17367519 0.17367519 0.17367519 0.17367519
 0.17367519 0.17367519 0.17367519 0.17367519 0.17367519 0.17367519
 0.17367519 0.17367519 0.17367519 0.17367519 0.17284792 0.17284792
 0.17284792 0.17284792 0.17284792 0.17333158 0.17333158 0.17333158
 0.17333158 0.17333158 0.17333158 0.17333158 0.17333158 0.17333158
 0.17333158 0.17333158 0.17333158 0.17333158 0.17333158 0.17333158
 0.17333158 0.17333158 0.17333158 0.17333158 0.17356968 0.17356968
 0.17356968 0.17356968 0.17356968 0.17356968 0.17356968 0.17356968
 0.17356968 0.17356968 0.17356968 0.17359582 0.17359582 0.17359582
 0.17359582 0.17359582 0.17359582 0.17359582 0.17359582 0.17359582
 0.17359582 0.17359582 0.17359582 0.17359582 0.17359582 0.17359582
 0.17359582 0.17359582 0.17359582 0.17359582 0.17359582 0.17359582
 0.17359582 0.17359582 0.17359582 0.17359582 0.17359582 0.17359582
 0.17359582 0.17359582 0.17359582 0.17359582 0.17356314 0.17356314
 0.17356314 0.17356314 0.17356314 0.17356314 0.17356314 0.17356314
 0.17356314 0.17356314 0.17356314 0.17356314 0.17356314 0.17356314
 0.17356314 0.17356314 0.17356314 0.17356314 0.17356314 0.17356314
 0.17356314 0.17356314 0.17356314 0.17356314 0.17356314 0.17356314
 0.17356314 0.17399732 0.17399732 0.17399732 0.17399732 0.17399732
 0.17399732 0.17399732 0.17399732 0.17399732 0.17399732 0.17399732
 0.17399732 0.17399732 0.17399732 0.17399732 0.17399732 0.17399732
 0.17399732 0.17399732 0.17399732 0.17399732 0.17399732 0.17399732
 0.17399732 0.17399732 0.17399732 0.17399732 0.17399732 0.17399732
 0.17399732 0.17399732 0.17399732 0.17399732 0.17399732 0.17399732
 0.17399732 0.17399732 0.17399732 0.17399732 0.17399732 0.17399732
 0.17359209 0.17359209 0.17359209 0.17359209 0.17359209 0.17359209
 0.17359209 0.17359209 0.17364811 0.17364811 0.17364811 0.17364811
 0.17364811 0.17364811 0.17364811 0.17364811 0.17364811 0.17364811
 0.17364811 0.17364811 0.17364811 0.17364811 0.17364811 0.17308313
 0.17308313 0.17308313 0.17308313 0.17308313 0.17308313 0.17308313
 0.17308313 0.17308313 0.17308313 0.17308313 0.17308313 0.17308313
 0.17308313 0.17308313 0.17308313 0.17308313 0.17308313 0.17308313
 0.17308313 0.17308313 0.17305979 0.17305979 0.17305979 0.17305979
 0.17305979 0.17305979 0.17305979 0.17305979 0.17305979 0.17305979
 0.17305979 0.17305979 0.17305979 0.17305979 0.17305979 0.17305979
 0.17305979 0.17305979 0.17305979 0.17305979 0.17305979 0.17319424
 0.17319424 0.17319424 0.17319424 0.17319424 0.17319424 0.17319424
 0.17319424 0.17319424 0.17319424 0.17319424 0.17319424 0.17319424
 0.17319424 0.17319424 0.17319424 0.17319424 0.17319424 0.17319424
 0.17319424 0.17319424 0.17319424 0.17319424 0.17319424 0.17319424
 0.17319424 0.17319424 0.17319424 0.17319424 0.17319424 0.17319424
 0.17319424 0.17319424 0.17319424 0.17319424 0.17319424 0.17319424
 0.17319424 0.17319424 0.17319424 0.17319424 0.17319424 0.17319424
 0.17319424 0.17319424 0.17319424 0.17319424 0.17319424 0.17319424
 0.17319424 0.17319424 0.17319424 0.17319424 0.17319424 0.17319424
 0.17319424 0.17319424 0.17319424 0.17319424 0.17319424 0.17319424
 0.17319424 0.17319424 0.17319424 0.17319424 0.17319424 0.17319424
 0.17319424 0.17319424 0.17319424 0.17319424 0.17319424 0.17319424
 0.17319424 0.17319424 0.17319424 0.17319424 0.17319424 0.17319424
 0.17319424 0.17319424 0.17319424 0.17319424 0.17319424 0.17319424
 0.17319424 0.17319424 0.17319424 0.17319424 0.17319424 0.17319424
 0.17319424 0.17319424 0.17319424 0.17319424 0.17319424 0.17319424
 0.17319424 0.17319424 0.17319424 0.17319424 0.17319424 0.17319424
 0.17319424 0.17319424 0.17319424 0.17319424 0.17319424 0.17319424
 0.17319424 0.17319424 0.17319424 0.17319424 0.17319424 0.17319424
 0.17319424 0.17319424 0.17319424 0.17319424 0.17319424 0.17319424
 0.17319424 0.17319424 0.17319424 0.17319424 0.17319424 0.17319424
 0.17319424 0.17319424 0.17319424 0.17319424 0.17319424 0.17319424
 0.17319424 0.17319424 0.17319424 0.17319424 0.17319424 0.17319424
 0.17319424 0.17319424 0.17319424 0.17319424 0.17319424 0.17319424
 0.17319424 0.17319424 0.17319424 0.17319424 0.17319424 0.17319424
 0.17319424 0.17319424 0.17319424 0.17319424 0.17354966 0.17354966
 0.17354966 0.17354966 0.17354966 0.17354966 0.17354966 0.17354966
 0.17483725 0.17464117 0.17464117 0.17464117 0.17464117 0.17464117
 0.17464117 0.17464117 0.17464117 0.1761379  0.1761379  0.1761379
 0.1761379  0.1761379  0.1761379  0.1761379  0.1761379  0.1761379
 0.1761379  0.1761379  0.1761379  0.1761379  0.1761379  0.1761379
 0.1761379  0.1761379  0.1761379  0.1761379  0.1761379  0.1761379
 0.1761379  0.1761379  0.1761379  0.1761379  0.1761379  0.1761379
 0.1761379  0.1761379  0.1761379  0.1761379  0.1761379  0.1761379
 0.1761379  0.1761379  0.1761379  0.1761379  0.1761379  0.1761379
 0.1761379  0.1761379  0.1761379  0.1761379  0.1761379  0.1761379
 0.1761379  0.1761379  0.17635359 0.17635359 0.17635359 0.17635359
 0.17635359 0.17635359 0.17635359 0.17635359 0.17635359 0.17635359
 0.17635359 0.17635359 0.17635359 0.17635359 0.17635359 0.17635359
 0.17635359 0.17635359 0.17635359 0.17635359 0.17635359 0.17635359
 0.17635359 0.17635359 0.17635359 0.17635359]
[8.684 8.648 8.524 8.408 8.368 8.28  8.156 8.04  7.976 7.892 7.78  7.688
 7.544 7.436 7.316 7.252 7.156 7.072 7.004 6.96  6.928 6.856 6.824 6.804
 6.732 6.696 6.668 6.592 6.552 6.52  6.4   6.328 6.256 6.196 6.1   6.084
 6.008 5.964 5.964 5.904 5.852 5.692 5.572 5.48  5.38  5.328 5.296 5.208
 5.172 5.14  5.024 4.968 4.952 4.876 4.832 4.804 4.72  4.72  4.648 4.592
 4.576 4.576 4.504 4.504 4.48  4.436 4.396 4.324 4.288 4.232 4.232 4.216
 4.192 4.152 4.108 4.076 4.044 4.044 4.016 3.956 3.888 3.86  3.796 3.756
 3.748 3.724 3.7   3.7   3.644 3.608 3.572 3.564 3.536 3.512 3.484 3.484
 3.464 3.46  3.42  3.384 3.336 3.336 3.296 3.228 3.196 3.176 3.172 3.164
 3.164 3.14  3.116 3.116 3.104 3.048 3.    2.988 2.988 2.988 2.988 2.972
 2.956 2.888 2.836 2.828 2.824 2.824 2.812 2.784 2.776 2.776 2.752 2.744
 2.7   2.7   2.7   2.64  2.628 2.616 2.616 2.584 2.552 2.552 2.548 2.516
 2.5   2.5   2.488 2.48  2.48  2.472 2.472 2.46  2.452 2.452 2.436 2.436
 2.436 2.424 2.412 2.412 2.4   2.396 2.384 2.344 2.344 2.344 2.344 2.344
 2.332 2.332 2.328 2.328 2.328 2.312 2.312 2.312 2.312 2.296 2.28  2.272
 2.256 2.256 2.228 2.204 2.184 2.176 2.176 2.176 2.176 2.176 2.16  2.16
 2.124 2.124 2.124 2.12  2.104 2.088 2.088 2.088 2.088 2.06  2.06  2.06
 2.048 2.048 2.048 2.044 2.044 2.032 2.032 2.032 2.02  2.008 2.004 2.004
 2.004 2.    1.972 1.972 1.964 1.96  1.948 1.948 1.94  1.94  1.928 1.916
 1.912 1.896 1.896 1.888 1.888 1.856 1.856 1.856 1.856 1.856 1.856 1.856
 1.84  1.84  1.84  1.836 1.836 1.824 1.812 1.812 1.812 1.812 1.812 1.796
 1.796 1.792 1.792 1.792 1.792 1.792 1.792 1.792 1.792 1.792 1.792 1.792
 1.792 1.792 1.792 1.784 1.784 1.784 1.784 1.78  1.772 1.772 1.772 1.772
 1.772 1.76  1.76  1.76  1.76  1.752 1.752 1.752 1.752 1.752 1.744 1.744
 1.744 1.744 1.744 1.744 1.744 1.744 1.744 1.744 1.744 1.744 1.744 1.744
 1.74  1.74  1.736 1.716 1.716 1.716 1.716 1.716 1.716 1.716 1.712 1.712
 1.712 1.692 1.692 1.692 1.692 1.688 1.688 1.688 1.688 1.688 1.688 1.66
 1.66  1.66  1.66  1.66  1.632 1.632 1.632 1.632 1.632 1.632 1.632 1.632
 1.632 1.632 1.632 1.632 1.632 1.632 1.632 1.632 1.632 1.632 1.62  1.616
 1.616 1.616 1.616 1.616 1.616 1.616 1.608 1.608 1.608 1.608 1.608 1.608
 1.608 1.608 1.608 1.604 1.6   1.6   1.6   1.6   1.6   1.6   1.6   1.6
 1.6   1.6   1.6   1.6   1.6   1.6   1.6   1.6   1.588 1.588 1.588 1.588
 1.588 1.588 1.588 1.588 1.588 1.588 1.588 1.588 1.588 1.584 1.584 1.584
 1.584 1.584 1.584 1.584 1.584 1.584 1.576 1.572 1.572 1.572 1.572 1.572
 1.572 1.572 1.572 1.572 1.572 1.572 1.572 1.572 1.568 1.568 1.568 1.568
 1.568 1.568 1.568 1.568 1.568 1.568 1.568 1.568 1.568 1.568 1.568 1.568
 1.568 1.568 1.568 1.568 1.568 1.568 1.568 1.568 1.568 1.568 1.568 1.568
 1.568 1.568 1.568 1.568 1.568 1.568 1.568 1.568 1.568 1.568 1.568 1.568
 1.568 1.568 1.568 1.568 1.568 1.568 1.568 1.564 1.564 1.564 1.564 1.564
 1.564 1.564 1.564 1.564 1.564 1.564 1.552 1.536 1.536 1.536 1.536 1.536
 1.536 1.536 1.536 1.536 1.536 1.524 1.516 1.516 1.512 1.512 1.512 1.512
 1.504 1.504 1.504 1.504 1.504 1.504 1.504 1.504 1.504 1.504 1.504 1.504
 1.504 1.504 1.504 1.504 1.504 1.504 1.504 1.504 1.504 1.504 1.504 1.504
 1.504 1.504 1.504 1.504 1.504 1.504 1.504 1.504 1.5   1.5   1.5   1.5
 1.5   1.5   1.5   1.5   1.5   1.5   1.5   1.5   1.5   1.5   1.464 1.464
 1.464 1.464 1.464 1.464 1.464 1.464 1.464 1.464 1.464 1.464 1.464 1.464
 1.464 1.464 1.464 1.464 1.456 1.456 1.456 1.456 1.456 1.448 1.448 1.448
 1.448 1.448 1.448 1.448 1.448 1.448 1.448 1.448 1.448 1.448 1.448 1.448
 1.448 1.448 1.448 1.448 1.444 1.444 1.444 1.444 1.444 1.444 1.444 1.444
 1.444 1.444 1.444 1.44  1.44  1.44  1.44  1.44  1.44  1.44  1.44  1.44
 1.44  1.44  1.44  1.44  1.44  1.44  1.44  1.44  1.44  1.44  1.44  1.44
 1.44  1.44  1.44  1.44  1.44  1.44  1.44  1.44  1.44  1.44  1.432 1.432
 1.432 1.432 1.432 1.432 1.432 1.432 1.432 1.432 1.432 1.432 1.432 1.432
 1.432 1.432 1.432 1.432 1.432 1.432 1.432 1.432 1.432 1.432 1.432 1.432
 1.432 1.428 1.428 1.428 1.428 1.428 1.428 1.428 1.428 1.428 1.428 1.428
 1.428 1.428 1.428 1.428 1.428 1.428 1.428 1.428 1.428 1.428 1.428 1.428
 1.428 1.428 1.428 1.428 1.428 1.428 1.428 1.428 1.428 1.428 1.428 1.428
 1.428 1.428 1.428 1.428 1.428 1.428 1.42  1.42  1.42  1.42  1.42  1.42
 1.42  1.42  1.416 1.416 1.416 1.416 1.416 1.416 1.416 1.416 1.416 1.416
 1.416 1.416 1.416 1.416 1.416 1.376 1.376 1.376 1.376 1.376 1.376 1.376
 1.376 1.376 1.376 1.376 1.376 1.376 1.376 1.376 1.376 1.376 1.376 1.376
 1.376 1.376 1.372 1.372 1.372 1.372 1.372 1.372 1.372 1.372 1.372 1.372
 1.372 1.372 1.372 1.372 1.372 1.372 1.372 1.372 1.372 1.372 1.372 1.368
 1.368 1.368 1.368 1.368 1.368 1.368 1.368 1.368 1.368 1.368 1.368 1.368
 1.368 1.368 1.368 1.368 1.368 1.368 1.368 1.368 1.368 1.368 1.368 1.368
 1.368 1.368 1.368 1.368 1.368 1.368 1.368 1.368 1.368 1.368 1.368 1.368
 1.368 1.368 1.368 1.368 1.368 1.368 1.368 1.368 1.368 1.368 1.368 1.368
 1.368 1.368 1.368 1.368 1.368 1.368 1.368 1.368 1.368 1.368 1.368 1.368
 1.368 1.368 1.368 1.368 1.368 1.368 1.368 1.368 1.368 1.368 1.368 1.368
 1.368 1.368 1.368 1.368 1.368 1.368 1.368 1.368 1.368 1.368 1.368 1.368
 1.368 1.368 1.368 1.368 1.368 1.368 1.368 1.368 1.368 1.368 1.368 1.368
 1.368 1.368 1.368 1.368 1.368 1.368 1.368 1.368 1.368 1.368 1.368 1.368
 1.368 1.368 1.368 1.368 1.368 1.368 1.368 1.368 1.368 1.368 1.368 1.368
 1.368 1.368 1.368 1.368 1.368 1.368 1.368 1.368 1.368 1.368 1.368 1.368
 1.368 1.368 1.368 1.368 1.368 1.368 1.368 1.368 1.368 1.368 1.368 1.368
 1.368 1.368 1.368 1.368 1.368 1.368 1.368 1.368 1.368 1.368 1.34  1.34
 1.34  1.34  1.34  1.34  1.34  1.34  1.332 1.308 1.308 1.308 1.308 1.308
 1.308 1.308 1.308 1.3   1.3   1.3   1.3   1.3   1.3   1.3   1.3   1.3
 1.3   1.3   1.3   1.3   1.3   1.3   1.3   1.3   1.3   1.3   1.3   1.3
 1.3   1.3   1.3   1.3   1.3   1.3   1.3   1.3   1.3   1.3   1.3   1.3
 1.3   1.3   1.3   1.3   1.3   1.3   1.3   1.3   1.3   1.3   1.3   1.3
 1.3   1.3   1.292 1.292 1.292 1.292 1.292 1.292 1.292 1.292 1.292 1.292
 1.292 1.292 1.292 1.292 1.292 1.292 1.292 1.292 1.292 1.292 1.292 1.292
 1.292 1.292 1.292 1.292]
[0.05301031616823747, 0.01866840055011661, 0.01171870454059654, 0.007459831103233372, 0.0041210406547707076, 0.014549436253352796, 0.015939130250891217, 0.0182497738682609, 0.019550203922153588, 0.018592105670017536, 0.019123136914840005, 0.019070103154486595, 0.02027695286931454, 0.01979746929476234, 0.01938273365970431, 0.019502301043105696, 0.019637918335612414, 0.019637918335612414, 0.019637918335612414, 0.024266151755752172]
[0.86841464750429, 0.4058374058659452, 0.19032603605392515, 0.12172099243762362, 0.1092520022699814, 0.16714065932620947, 0.19390719429665318, 0.14772948250095516, 0.14221111067704947, 0.1354104870384861, 0.15409088227406578, 0.1267438361420389, 0.14142135623730953, 0.13658696863171102, 0.15041276541570528, 0.15263027222671127, 0.15929846201391898, 0.15929846201391898, 0.15929846201391898, 0.14966629547095764]
[1, 1, 0, 1, 0, 0, 0, 1, 1, 0, 0, 0, 0, 0, 0, 0]
3.5627763533267425
