[ 0.09960784  0.10011242  0.10062745 ...,  0.85560654  0.85560654
  0.85560654]
[ 1.02    1.0428  1.0664 ...,  1.0052  1.0052  1.0052]
[0.0071437161014812249, 0.016330016391987216, 0.038741414738821624, 0.090179474490331549, 0.16182999839698267, 0.18530551753118604, 0.18847042940055092, 0.17282093775385682, 0.1604564821544085, 0.15850313261728868, 0.15821027303910679, 0.15673312823479907, 0.1564558629094665, 0.15546374978606328, 0.15552961506671528, 0.15551069799203418, 0.15545161183091535, 0.15530287887633762, 0.15530287887633762, 0.15533039875144405]
[0.020000000000000014, 0.29904514709321067, 0.4376694643221069, 0.43292937068302495, 0.4030009429269365, 0.2978324361113141, 0.21619435700313736, 0.17188647416245414, 0.072360210060502167, 0.04882622246293479, 0.017995555006723198, 0.024252010225958576, 0.024252010225958576, 0.024475293665245371, 0.0206145579627602, 0.021181123671797978, 0.02109407499749635, 0.026110534272588158, 0.026110534272588158, 0.021923503369671572]
[5, 6, 4, 6, 2, 0, 3, 2, 5, 5, 1, 3, 1, 2, 3, 2]
66.54943902419473
[ 0.35574057  0.35593831  0.35580175 ...,  0.36832152  0.36831094
  0.36831094]
[ 8.5472  8.5492  8.5476 ...,  8.6332  8.6324  8.6324]
[0.032307729272711708, 0.031862311247222462, 0.030833580045363324, 0.031744205472414994, 0.030748457282317426, 0.030533868930142889, 0.030983629775428317, 0.030732023995263487, 0.031260997364173426, 0.031666797910108721, 0.031390685726085242, 0.030703311567572115, 0.031242063079239164, 0.031339262070165935, 0.031588103684041843, 0.032037382640245853, 0.031807382347285654, 0.031853542070443663, 0.032093515436156982, 0.032099157732507509]
[0.54922141254688883, 0.54523814980245089, 0.53270269381710467, 0.54181679560530427, 0.52957703877717366, 0.52779405074328001, 0.5330229263361943, 0.52995471504648384, 0.53674291797843032, 0.54429756567524712, 0.54342970106537225, 0.53479925205632073, 0.54477723887842444, 0.55505473603960898, 0.56176863564994439, 0.56901725808625525, 0.56652145590436387, 0.56964887430767397, 0.57434261551795018, 0.57903492122669076]
[0, 1, 0, 0, 1, 0, 2, 2, 2, 0, 1, 12, 1, 25, 3, 0]
118.40177661374167
[ 0.35150396  0.35138672  0.35138672 ...,  0.36473283  0.36473283
  0.36473283]
[ 8.4796  8.4784  8.4784 ...,  8.584   8.584   8.584 ]
[0.033569965650522275, 0.033818402363273187, 0.032634953352876188, 0.032719079069228454, 0.032225506077681106, 0.031973060486160665, 0.032234245963995448, 0.031722181489972731, 0.031605480149068416, 0.030716341236776069, 0.030745514455996256, 0.031409948426522373, 0.031347988841768037, 0.030517965973562131, 0.030274881684630502, 0.030522630763073821, 0.030733491686703255, 0.03129547987118822, 0.031578992730762964, 0.031230654754732814]
[0.58590770604251319, 0.58737381623630436, 0.57324340379981686, 0.57398104498319447, 0.56716685375645848, 0.56167307216921114, 0.56339329069487487, 0.55662195429213879, 0.55541321554316647, 0.54484126128625743, 0.54776184606085887, 0.55758048746346933, 0.55707076749727236, 0.54368240729308137, 0.54214035083177492, 0.54650247940883112, 0.55215302226828389, 0.5631022642469129, 0.5716677356646952, 0.57095232725683842]
[1, 3, 1, 0, 0, 1, 1, 1, 4, 2, 2, 9, 3, 21, 1, 0]
119.82373969935632
