[0.33466594 0.33048914 0.32172105 0.31582328 0.30744996 0.30030273
 0.2946789  0.28822451 0.28382022 0.27563111 0.27237032 0.26596809
 0.25834628 0.25322628 0.25140548 0.2457925  0.23968305 0.23702069
 0.23066783 0.22662129 0.21958012 0.21734274 0.21297515 0.2124549
 0.20795841 0.20509647 0.2021756  0.2003235  0.19564769 0.19187567
 0.18964608 0.18866897 0.18712442 0.18634295 0.18546729 0.1837561
 0.18255819 0.18068331 0.17843999 0.17658837 0.17551567 0.17341379
 0.1725435  0.17111404 0.16910677 0.1683469  0.16738812 0.16701047
 0.16464379 0.16400973 0.16278111 0.16174138 0.16175949 0.1621217
 0.16197392 0.16197466 0.16197863 0.16197863 0.16185966 0.16092325
 0.15963852 0.15918116 0.15881881 0.1582801  0.15788684 0.15766055
 0.15675619 0.15704038 0.15704038 0.15628946 0.15567132 0.15499129
 0.15499129 0.15315799 0.15257882 0.15283849 0.15283849 0.15236908
 0.15263327 0.15260769 0.15226537 0.15190341 0.15176887 0.15197185
 0.15187185 0.15285395 0.15285395 0.15224636 0.15176282 0.15281119
 0.1538984  0.1538984  0.15359739 0.15359739 0.15303404 0.15331835
 0.15269148 0.15269148 0.15273332 0.15327889 0.15346496 0.15346496
 0.15379062 0.15379062 0.15335626 0.15335626 0.15335626 0.15335626
 0.15335626 0.15411512 0.15411512 0.15411512 0.15411512 0.15411512
 0.15516696 0.15516696 0.15575549 0.15561826 0.15561826 0.15561826
 0.15561826 0.15648786 0.15648786 0.15648786 0.15678309 0.15678309
 0.15678309 0.15782231 0.15782231 0.158539   0.15870109 0.15870109
 0.15870109 0.15870109 0.15870109 0.15870109 0.15870109 0.15887999
 0.15905384 0.15905384 0.15905384 0.15929698 0.15890594 0.15940268
 0.16023405 0.16068634 0.16068634 0.16077417 0.16077417 0.16230153
 0.16230153 0.16308584 0.16308584 0.16308584 0.16308584 0.16308584
 0.16308584 0.16308584 0.16308584 0.16308584 0.16380741 0.16380741
 0.16406492 0.16406492 0.16471852 0.16471852 0.16471852 0.16471852
 0.16471852 0.16471852 0.16471852 0.16471852 0.16471852 0.16482496
 0.16482496 0.16482496 0.16482496 0.16482496 0.16584457 0.16584457
 0.16573981 0.16573981 0.16573981 0.16573981 0.1661118  0.1661118
 0.1661118  0.1661118  0.16622291 0.16541618 0.16541618 0.16541618
 0.16541618 0.16541618 0.16572711 0.16572711 0.16572711 0.16572711
 0.16572711 0.16572711 0.16572711 0.16572711 0.16609312 0.16634149
 0.16634149 0.16634149 0.16634149 0.16634149 0.16634149 0.16634149
 0.16634149 0.16634149 0.16634149 0.16634149 0.16634149 0.16634149
 0.16634149 0.16634149 0.16634149 0.16634149 0.16634149 0.16634149
 0.16634149 0.16634149 0.16634149 0.16634149 0.16634149 0.16634149
 0.16634149 0.16631534 0.16631534 0.16631534 0.16631534 0.16631534
 0.16631534 0.16631534 0.16631534 0.16631534 0.16631534 0.16631534
 0.16631534 0.16631534 0.16660666 0.16660666 0.16660666 0.16702085
 0.16702085 0.16768752 0.16768752 0.16768752 0.16768752 0.16768752
 0.16768752 0.16768752 0.16768752 0.16768752 0.16768752 0.16768752
 0.16768752 0.16768752 0.16768752 0.16768752 0.16768752 0.16765764
 0.16765764 0.16765764 0.16765764 0.16765764 0.16765764 0.16765764
 0.16751018 0.16751018 0.16751018 0.16751018 0.16813352 0.16813352
 0.16813352 0.16813352 0.16824332 0.16824332 0.16770458 0.16770458
 0.16770458 0.16770458 0.16770458 0.16770458 0.16770458 0.16770458
 0.16770458 0.16770458 0.16770458 0.16861438 0.16861438 0.16861438
 0.16861438 0.16861438 0.16861438 0.16861438 0.16861438 0.16861438
 0.16861438 0.16861438 0.1691634  0.1691634  0.1691634  0.1691634
 0.1691634  0.1691634  0.1691634  0.1691634  0.1691634  0.1691634
 0.1691634  0.1691634  0.1691634  0.1691634  0.16986928 0.16986928
 0.16986928 0.16986928 0.16986928 0.16986928 0.16986928 0.16986928
 0.16986928 0.16986928 0.16986928 0.16986928 0.16986928 0.16986928
 0.16986928 0.16986928 0.16986928 0.16986928 0.16986928 0.17033987
 0.17033987 0.17033987 0.17033987 0.17033987 0.17033987 0.17033987
 0.17033987 0.17101961 0.17101961 0.17101961 0.17101961 0.17101961
 0.17101961 0.17101961 0.17101961 0.17101961 0.17101961 0.17101961
 0.17101961 0.17101961 0.17101961 0.17101961 0.17101961 0.17101961
 0.17101961 0.17101961 0.17101961 0.17101961 0.17101961 0.17101961
 0.17101961 0.17101961 0.17101961 0.17101961 0.17101961 0.17101961
 0.17101961 0.17101961 0.17101961 0.17101961 0.17101961 0.17101961
 0.17101961 0.17101961 0.17101961 0.17101961 0.17101961 0.1719085
 0.1719085  0.1719085  0.1719085  0.1719085  0.1719085  0.1719085
 0.1719085  0.1719085  0.17183007 0.17183007 0.17183007 0.17183007
 0.17183007 0.17183007 0.17159477 0.17159477 0.17162092 0.17162092
 0.17162092 0.17162092 0.17162092 0.17162092 0.17162092 0.17162092
 0.17166013 0.17166013 0.1715817  0.1715817  0.1715817  0.1715817
 0.1715817  0.1715817  0.1715817  0.1715817  0.1715817  0.1715817
 0.1715817  0.1715817  0.1715817  0.1715817  0.1715817  0.1715817
 0.1715817  0.1715817  0.1715817  0.1715817  0.1715817  0.1715817
 0.1715817  0.1715817  0.1715817  0.1715817  0.1715817  0.1715817
 0.1715817  0.1715817  0.1715817  0.1715817  0.1715817  0.1715817
 0.1715817  0.1715817  0.1715817  0.1715817  0.1715817  0.1715817
 0.1715817  0.1715817  0.1715817  0.1715817  0.1715817  0.1715817
 0.1715817  0.1715817  0.1715817  0.1715817  0.1715817  0.1715817
 0.17181699 0.17181699 0.17181699 0.17181699 0.17181699 0.17181699
 0.17181699 0.17181699 0.17181699 0.17181699 0.17181699 0.17181699
 0.17181699 0.17233987 0.17233987 0.17233987 0.17233987 0.17233987
 0.17233987 0.17233987 0.17233987 0.17233987 0.17233987 0.17233987
 0.17233987 0.17233987 0.17233987 0.17233987 0.17233987 0.17233987
 0.17233987 0.17233987 0.17233987 0.17233987 0.17233987 0.17233987
 0.17233987 0.17233987 0.17233987 0.17233987 0.17233987 0.17233987
 0.17233987 0.17233987 0.17233987 0.17233987 0.17233987 0.17233987
 0.1724183  0.1724183  0.1724183  0.1724183  0.1724183  0.1724183
 0.1724183  0.1724183  0.1724183  0.1724183  0.1724183  0.1724183
 0.1724183  0.1724183  0.1724183  0.17281046 0.17281046 0.17281046
 0.17281046 0.17281046 0.17281046 0.17281046 0.17281046 0.17281046
 0.17281046 0.17281046 0.17281046 0.17281046 0.17281046 0.17281046
 0.17281046 0.17281046 0.17281046 0.17281046 0.17281046 0.17281046
 0.17281046 0.17281046 0.17281046 0.17281046 0.17281046 0.17281046
 0.17281046 0.17281046 0.17281046 0.17281046 0.17281046 0.17281046
 0.17281046 0.17281046 0.17281046 0.17281046 0.17281046 0.17281046
 0.17281046 0.17281046 0.17281046 0.17281046 0.17281046 0.17281046
 0.17281046 0.17281046 0.17281046 0.17281046 0.17281046 0.17281046
 0.17281046 0.17281046 0.17281046 0.17281046 0.17281046 0.17281046
 0.17281046 0.17281046 0.17281046 0.17281046 0.17281046 0.17281046
 0.17281046 0.17281046 0.17281046 0.17281046 0.17281046 0.17281046
 0.17281046 0.17281046 0.17281046 0.17281046 0.17281046 0.17281046
 0.17281046 0.17281046 0.17281046 0.17281046 0.17281046 0.17281046
 0.17281046 0.17281046 0.17281046 0.17281046 0.17281046 0.17281046
 0.17281046 0.17281046 0.17281046 0.17281046 0.17281046 0.17281046
 0.17281046 0.17281046 0.17281046 0.17281046 0.17281046 0.17281046
 0.17281046 0.17281046 0.17281046 0.17281046 0.17281046 0.17281046
 0.17281046 0.17281046 0.17281046 0.17281046 0.17281046 0.17281046
 0.17281046 0.17281046 0.17281046 0.17281046 0.17281046 0.17281046
 0.17281046 0.17281046 0.17281046 0.17281046 0.17281046 0.17281046
 0.17281046 0.17281046 0.17281046 0.17281046 0.17281046 0.17281046
 0.17281046 0.17281046 0.17281046 0.17281046 0.17281046 0.17281046
 0.17281046 0.17281046 0.17281046 0.17281046 0.17281046 0.17281046
 0.17281046 0.17281046 0.17281046 0.17281046 0.17281046 0.17281046
 0.17281046 0.17281046 0.17281046 0.17281046 0.17281046 0.17281046
 0.17281046 0.17281046 0.17281046 0.17281046 0.17281046 0.17281046
 0.17281046 0.17281046 0.17281046 0.17281046 0.17281046 0.17281046
 0.17281046 0.17281046 0.17281046 0.17281046 0.17281046 0.17281046
 0.17281046 0.17281046 0.17281046 0.17281046 0.17281046 0.17281046
 0.17281046 0.17281046 0.17281046 0.17281046 0.17281046 0.17281046
 0.17281046 0.17281046 0.17281046 0.17281046 0.17281046 0.17281046
 0.17281046 0.17281046 0.17281046 0.17281046 0.17281046 0.17281046
 0.17281046 0.17281046 0.17281046 0.17281046 0.17281046 0.17281046
 0.17281046 0.17294118 0.17294118 0.17294118 0.17294118 0.17294118
 0.17294118 0.17294118 0.17294118 0.17294118 0.17294118 0.17294118
 0.17294118 0.17294118 0.17294118 0.17294118 0.17294118 0.17294118
 0.17294118 0.17294118 0.17294118 0.17294118 0.17294118 0.17294118
 0.17294118 0.17294118 0.17294118 0.17294118 0.17294118 0.17294118
 0.17294118 0.17294118 0.17294118 0.17294118 0.17294118 0.17294118
 0.17294118 0.17294118 0.17294118 0.17294118 0.17294118 0.17294118
 0.17294118 0.17294118 0.17294118 0.17294118 0.17294118 0.17294118
 0.17294118 0.17335948 0.17335948 0.17335948 0.17335948 0.17335948
 0.17335948 0.17335948 0.17335948 0.17335948 0.17335948 0.17335948
 0.17335948 0.17335948 0.17335948 0.17335948 0.17335948 0.17335948
 0.17335948 0.17335948 0.17335948 0.17335948 0.17335948 0.17335948
 0.17335948 0.17335948 0.17335948 0.17335948 0.17335948 0.17335948
 0.17335948 0.17335948 0.17335948 0.17335948 0.17335948 0.17335948
 0.17335948 0.17335948 0.17335948 0.17335948 0.17335948 0.17335948
 0.17335948 0.17335948 0.17335948 0.17335948 0.17335948 0.17335948
 0.17335948 0.17335948 0.17335948 0.17335948 0.17335948 0.17335948
 0.17335948 0.17335948 0.17335948 0.17335948 0.17335948 0.17335948
 0.17335948 0.17335948 0.17335948 0.17335948 0.17335948 0.17335948
 0.17335948 0.17335948 0.17335948 0.17335948 0.17335948 0.17335948
 0.17335948 0.17335948 0.17335948 0.17335948 0.17335948 0.17335948
 0.17335948 0.17335948 0.17335948 0.17335948 0.17335948 0.17335948
 0.17335948 0.17335948 0.17335948 0.17335948 0.17335948 0.17335948
 0.17335948 0.17335948 0.17335948 0.17335948 0.17335948 0.17335948
 0.17335948 0.17335948 0.17335948 0.17335948 0.17335948 0.17335948
 0.17335948 0.17335948 0.17335948 0.17335948 0.17335948 0.17335948
 0.17335948 0.17335948 0.17335948 0.17335948 0.17335948 0.17335948
 0.17335948 0.17335948 0.17335948 0.17335948 0.17335948 0.17335948
 0.17335948 0.17335948 0.17335948 0.17335948 0.17335948 0.17335948
 0.17335948 0.17335948 0.17335948 0.17335948 0.17335948 0.17335948
 0.17335948 0.17335948 0.17335948 0.17335948 0.17335948 0.17335948
 0.17335948 0.17335948 0.17335948 0.17335948 0.17335948 0.17335948
 0.17335948 0.17335948 0.17335948 0.17335948 0.17335948 0.17335948
 0.17335948 0.17335948 0.17335948 0.17335948 0.17335948 0.17335948
 0.17335948 0.17335948 0.17335948 0.17335948 0.17335948 0.17335948
 0.17335948 0.17335948 0.17335948 0.17335948 0.17335948 0.17335948
 0.17335948 0.17335948 0.17335948 0.17335948 0.17335948 0.17335948
 0.17335948 0.17335948 0.17335948 0.17335948 0.17335948 0.17335948
 0.17335948 0.17335948 0.17335948 0.17335948 0.17335948 0.17335948
 0.17335948 0.17335948 0.17335948 0.17335948 0.17335948 0.17335948
 0.17335948 0.17335948 0.17335948 0.17335948 0.17335948 0.17335948
 0.17335948 0.17335948 0.17335948 0.17351634 0.17351634 0.17351634
 0.17351634 0.17351634 0.17351634 0.17351634 0.17351634 0.17351634
 0.17351634 0.17351634 0.17351634 0.17351634 0.17351634 0.17351634
 0.17351634 0.17351634 0.17351634 0.17351634 0.17351634 0.17351634
 0.17351634 0.17351634 0.17351634 0.17351634]
[8.136 8.052 7.9   7.776 7.632 7.484 7.364 7.248 7.144 6.98  6.924 6.776
 6.624 6.508 6.464 6.332 6.148 6.084 5.932 5.848 5.668 5.608 5.512 5.468
 5.304 5.208 5.104 5.024 4.876 4.78  4.716 4.656 4.604 4.54  4.508 4.412
 4.324 4.26  4.16  4.056 4.032 3.976 3.896 3.812 3.724 3.672 3.596 3.584
 3.488 3.464 3.42  3.388 3.296 3.18  3.108 3.096 3.092 3.092 3.08  3.032
 2.948 2.928 2.912 2.888 2.848 2.804 2.736 2.692 2.692 2.644 2.568 2.516
 2.516 2.432 2.404 2.352 2.352 2.324 2.292 2.26  2.212 2.18  2.16  2.14
 2.116 2.08  2.08  2.012 2.    1.984 1.976 1.976 1.948 1.948 1.944 1.94
 1.888 1.888 1.868 1.86  1.84  1.84  1.828 1.828 1.812 1.812 1.812 1.812
 1.812 1.784 1.784 1.784 1.784 1.784 1.748 1.748 1.704 1.64  1.64  1.64
 1.64  1.628 1.628 1.628 1.608 1.608 1.608 1.548 1.548 1.512 1.5   1.5
 1.5   1.5   1.5   1.5   1.5   1.492 1.484 1.484 1.484 1.48  1.456 1.452
 1.448 1.444 1.444 1.428 1.428 1.4   1.4   1.396 1.396 1.396 1.396 1.396
 1.396 1.396 1.396 1.396 1.388 1.388 1.38  1.38  1.376 1.376 1.376 1.376
 1.376 1.376 1.376 1.376 1.376 1.368 1.368 1.368 1.368 1.368 1.364 1.364
 1.348 1.348 1.348 1.348 1.336 1.336 1.336 1.336 1.324 1.312 1.312 1.312
 1.312 1.312 1.296 1.296 1.296 1.296 1.296 1.296 1.296 1.296 1.288 1.284
 1.284 1.284 1.284 1.284 1.284 1.284 1.284 1.284 1.284 1.284 1.284 1.284
 1.284 1.284 1.284 1.284 1.284 1.284 1.284 1.284 1.284 1.284 1.284 1.284
 1.284 1.28  1.28  1.28  1.28  1.28  1.28  1.28  1.28  1.28  1.28  1.28
 1.28  1.28  1.276 1.276 1.276 1.268 1.268 1.256 1.256 1.256 1.256 1.256
 1.256 1.256 1.256 1.256 1.256 1.256 1.256 1.256 1.256 1.256 1.256 1.24
 1.24  1.24  1.24  1.24  1.24  1.24  1.212 1.212 1.212 1.212 1.204 1.204
 1.204 1.204 1.18  1.18  1.156 1.156 1.156 1.156 1.156 1.156 1.156 1.156
 1.156 1.156 1.156 1.14  1.14  1.14  1.14  1.14  1.14  1.14  1.14  1.14
 1.14  1.14  1.136 1.136 1.136 1.136 1.136 1.136 1.136 1.136 1.136 1.136
 1.136 1.136 1.136 1.136 1.132 1.132 1.132 1.132 1.132 1.132 1.132 1.132
 1.132 1.132 1.132 1.132 1.132 1.132 1.132 1.132 1.132 1.132 1.132 1.124
 1.124 1.124 1.124 1.124 1.124 1.124 1.124 1.116 1.116 1.116 1.116 1.116
 1.116 1.116 1.116 1.116 1.116 1.116 1.116 1.116 1.116 1.116 1.116 1.116
 1.116 1.116 1.116 1.116 1.116 1.116 1.116 1.116 1.116 1.116 1.116 1.116
 1.116 1.116 1.116 1.116 1.116 1.116 1.116 1.116 1.116 1.116 1.116 1.108
 1.108 1.108 1.108 1.108 1.108 1.108 1.108 1.108 1.104 1.104 1.104 1.104
 1.104 1.104 1.1   1.1   1.096 1.096 1.096 1.096 1.096 1.096 1.096 1.096
 1.088 1.088 1.084 1.084 1.084 1.084 1.084 1.084 1.084 1.084 1.084 1.084
 1.084 1.084 1.084 1.084 1.084 1.084 1.084 1.084 1.084 1.084 1.084 1.084
 1.084 1.084 1.084 1.084 1.084 1.084 1.084 1.084 1.084 1.084 1.084 1.084
 1.076 1.076 1.076 1.076 1.076 1.076 1.076 1.076 1.076 1.076 1.076 1.076
 1.076 1.076 1.076 1.076 1.076 1.076 1.072 1.072 1.072 1.072 1.072 1.072
 1.072 1.072 1.072 1.072 1.072 1.072 1.072 1.064 1.064 1.064 1.064 1.064
 1.064 1.064 1.064 1.064 1.064 1.064 1.064 1.064 1.064 1.064 1.064 1.064
 1.064 1.064 1.064 1.064 1.064 1.064 1.064 1.064 1.064 1.064 1.064 1.064
 1.064 1.064 1.064 1.064 1.064 1.064 1.06  1.06  1.06  1.06  1.06  1.06
 1.06  1.06  1.06  1.06  1.06  1.06  1.06  1.06  1.06  1.056 1.056 1.056
 1.056 1.056 1.056 1.056 1.056 1.056 1.056 1.056 1.056 1.056 1.056 1.056
 1.056 1.056 1.056 1.056 1.056 1.056 1.056 1.056 1.056 1.056 1.056 1.056
 1.056 1.056 1.056 1.056 1.056 1.056 1.056 1.056 1.056 1.056 1.056 1.056
 1.056 1.056 1.056 1.056 1.056 1.056 1.056 1.056 1.056 1.056 1.056 1.056
 1.056 1.056 1.056 1.056 1.056 1.056 1.056 1.056 1.056 1.056 1.056 1.056
 1.056 1.056 1.056 1.056 1.056 1.056 1.056 1.056 1.056 1.056 1.056 1.056
 1.056 1.056 1.056 1.056 1.056 1.056 1.056 1.056 1.056 1.056 1.056 1.056
 1.056 1.056 1.056 1.056 1.056 1.056 1.056 1.056 1.056 1.056 1.056 1.056
 1.056 1.056 1.056 1.056 1.056 1.056 1.056 1.056 1.056 1.056 1.056 1.056
 1.056 1.056 1.056 1.056 1.056 1.056 1.056 1.056 1.056 1.056 1.056 1.056
 1.056 1.056 1.056 1.056 1.056 1.056 1.056 1.056 1.056 1.056 1.056 1.056
 1.056 1.056 1.056 1.056 1.056 1.056 1.056 1.056 1.056 1.056 1.056 1.056
 1.056 1.056 1.056 1.056 1.056 1.056 1.056 1.056 1.056 1.056 1.056 1.056
 1.056 1.056 1.056 1.056 1.056 1.056 1.056 1.056 1.056 1.056 1.056 1.056
 1.056 1.056 1.056 1.056 1.056 1.056 1.056 1.056 1.056 1.056 1.052 1.052
 1.052 1.052 1.052 1.052 1.052 1.052 1.052 1.052 1.052 1.052 1.052 1.052
 1.052 1.052 1.052 1.052 1.052 1.052 1.052 1.048 1.048 1.048 1.048 1.048
 1.048 1.048 1.048 1.048 1.048 1.048 1.048 1.048 1.048 1.048 1.048 1.048
 1.048 1.048 1.048 1.048 1.048 1.048 1.048 1.048 1.048 1.048 1.048 1.048
 1.048 1.048 1.048 1.048 1.048 1.048 1.048 1.048 1.04  1.04  1.04  1.04
 1.04  1.04  1.04  1.04  1.04  1.04  1.04  1.032 1.032 1.032 1.032 1.032
 1.032 1.032 1.032 1.032 1.032 1.032 1.032 1.032 1.032 1.032 1.032 1.032
 1.032 1.032 1.032 1.032 1.032 1.032 1.032 1.032 1.032 1.032 1.032 1.032
 1.032 1.032 1.032 1.032 1.032 1.032 1.032 1.032 1.032 1.032 1.032 1.032
 1.032 1.032 1.032 1.032 1.032 1.032 1.032 1.032 1.032 1.032 1.032 1.032
 1.032 1.032 1.032 1.032 1.032 1.032 1.032 1.032 1.032 1.032 1.032 1.032
 1.032 1.032 1.032 1.032 1.032 1.032 1.032 1.032 1.032 1.032 1.032 1.032
 1.032 1.032 1.032 1.032 1.032 1.032 1.032 1.032 1.032 1.032 1.032 1.032
 1.032 1.032 1.032 1.032 1.032 1.032 1.032 1.032 1.032 1.032 1.032 1.032
 1.032 1.032 1.032 1.032 1.032 1.032 1.032 1.032 1.032 1.032 1.032 1.032
 1.032 1.032 1.032 1.032 1.032 1.032 1.032 1.032 1.032 1.032 1.032 1.032
 1.032 1.032 1.032 1.032 1.032 1.032 1.032 1.032 1.032 1.032 1.032 1.032
 1.032 1.032 1.032 1.032 1.032 1.032 1.032 1.032 1.032 1.032 1.032 1.032
 1.032 1.032 1.032 1.032 1.032 1.032 1.032 1.032 1.032 1.032 1.032 1.032
 1.032 1.032 1.032 1.032 1.032 1.032 1.032 1.032 1.032 1.032 1.032 1.032
 1.032 1.032 1.032 1.032 1.032 1.032 1.032 1.032 1.032 1.032 1.032 1.032
 1.032 1.032 1.032 1.032 1.032 1.032 1.032 1.032 1.032 1.032 1.032 1.032
 1.032 1.032 1.032 1.028 1.028 1.028 1.028 1.028 1.028 1.028 1.028 1.028
 1.028 1.028 1.028 1.028 1.028 1.028 1.028 1.028 1.028 1.028 1.028 1.028
 1.028 1.028 1.028 1.028]
[0.0538654467344897, 0.023933112093859586, 0.020387074030382063, 0.021434408125652928, 0.020554214589319462, 0.02060233232687485, 0.02054319796461895, 0.020436920869641276, 0.019713891867739922, 0.019617182960761453, 0.018613681414552823, 0.018261582943267306, 0.018261582943267306, 0.018261582943267306, 0.018261582943267306, 0.0180422465958076, 0.018507218902982663, 0.018507218902982663, 0.018507218902982663, 0.018507218902982663]
[1.0280389097694698, 0.5095880689341147, 0.15019986684414866, 0.11454256850621083, 0.051224993899462834, 0.04079215610874232, 0.05215361924162115, 0.049638694583963375, 0.04630334761116084, 0.026532998322843223, 0.01959591794226544, 0.023323807579381222, 0.023323807579381222, 0.023323807579381222, 0.023323807579381222, 0.02039607805437116, 0.02039607805437116, 0.02039607805437116, 0.02039607805437116, 0.02039607805437116]
[0, 0, 1, 0, 0, 1, 0, 0, 0, 0, 0, 2, 0, 0, 0, 1]
3.4486783724085797
[0.34194928 0.33485959 0.32492078 0.31824384 0.30993419 0.30685509
 0.29871135 0.29314957 0.28951117 0.28320727 0.27562873 0.27371403
 0.26880728 0.26079098 0.25767528 0.25691502 0.25238234 0.24737883
 0.24386725 0.24062991 0.23909972 0.23582708 0.22967327 0.22689994
 0.22444443 0.22193682 0.22053379 0.21623939 0.21097741 0.20917541
 0.20534491 0.20022628 0.1975966  0.19350646 0.19027096 0.18766015
 0.18634465 0.18526848 0.18318974 0.18076942 0.17754831 0.17743949
 0.17474785 0.17280804 0.17274389 0.1716666  0.17094847 0.17089176
 0.16874435 0.16791574 0.16770154 0.16719896 0.16664077 0.16463972
 0.16431792 0.16441674 0.16331399 0.16383958 0.16271145 0.16142619
 0.16015277 0.15990144 0.15928619 0.15860202 0.1583831  0.1593069
 0.15822865 0.15754997 0.15740724 0.15740724 0.15645044 0.15607674
 0.155627   0.15679163 0.15634649 0.15619485 0.15577028 0.15478578
 0.15478578 0.15489901 0.15540097 0.15519655 0.15519655 0.15471566
 0.15414927 0.15299696 0.15282743 0.15291483 0.15258246 0.15146748
 0.15146748 0.15157591 0.15198462 0.151968   0.15198006 0.15197595
 0.15197595 0.15183801 0.15257267 0.15189722 0.15189722 0.15218364
 0.15218364 0.15218364 0.15220693 0.15220693 0.15364743 0.15364743
 0.15345223 0.15338902 0.15447304 0.15486519 0.15486519 0.15486519
 0.15486519 0.15670765 0.15830466 0.15830466 0.15856149 0.15812927
 0.15757407 0.1577948  0.1577948  0.1577948  0.15974027 0.15913025
 0.15913025 0.15913025 0.15913025 0.15827462 0.15965121 0.15965121
 0.15965121 0.16018811 0.16171483 0.16211987 0.16211987 0.16211987
 0.16192491 0.16192491 0.16163941 0.16163941 0.16247602 0.16404072
 0.16449743 0.16449743 0.16466475 0.16494517 0.16494517 0.16494517
 0.16494517 0.16530596 0.16530596 0.16530596 0.16530596 0.16530596
 0.16530596 0.16604421 0.16604421 0.16604421 0.16683636 0.16683636
 0.16675924 0.16707994 0.16802896 0.16802896 0.16802896 0.16802896
 0.16857798 0.1685481  0.1685481  0.16881999 0.16881999 0.16881999
 0.16881999 0.16881999 0.16881999 0.16881999 0.16881999 0.16925921
 0.16925921 0.16925921 0.16984744 0.16984744 0.16984744 0.16984744
 0.16984744 0.17271392 0.17322373 0.17322373 0.17322373 0.17382503
 0.17382503 0.17382503 0.17382503 0.17382503 0.17382503 0.17382503
 0.17382503 0.17382503 0.17442808 0.17442808 0.17442808 0.17442808
 0.17442808 0.17442808 0.17442808 0.17442808 0.17442808 0.17442808
 0.17442808 0.17442808 0.17442808 0.17442808 0.17442808 0.17442808
 0.17442808 0.17442808 0.17442808 0.17442808 0.17442808 0.17442808
 0.17442808 0.17442808 0.17442808 0.17442808 0.17442808 0.17442808
 0.17480915 0.17480915 0.17480915 0.17480915 0.17480915 0.17480915
 0.17598562 0.17598562 0.17598562 0.17598562 0.17598562 0.17598562
 0.17598562 0.17598562 0.17598562 0.17598562 0.17598562 0.17598562
 0.17598562 0.17598562 0.17598562 0.17598562 0.17598562 0.17598562
 0.17598562 0.17598562 0.17598562 0.17598562 0.17598562 0.17598562
 0.17598562 0.17598562 0.17598562 0.17598562 0.17598562 0.17598562
 0.17598562 0.17598562 0.17598562 0.17598562 0.17598562 0.17598562
 0.17598562 0.17598562 0.17598562 0.17598562 0.17577647 0.17577647
 0.17577647 0.17577647 0.17577647 0.17577647 0.17577647 0.17569804
 0.17593333 0.17593333 0.17593333 0.17593333 0.1766915  0.1766915
 0.1766915  0.17703137 0.17750196 0.17750196 0.17750196 0.17750196
 0.17750196 0.17912941 0.17912941 0.17912941 0.17912941 0.17944314
 0.17944314 0.17944314 0.17944314 0.18054118 0.18054118 0.18054118
 0.18054118 0.18054118 0.18054118 0.18054118 0.18054118 0.18054118
 0.18054118 0.18054118 0.18054118 0.18054118 0.18054118 0.18054118
 0.18069804 0.18069804 0.18069804 0.18069804 0.18069804 0.18069804
 0.18069804 0.18069804 0.18069804 0.18069804 0.18069804 0.18069804
 0.18069804 0.18069804 0.18069804 0.18069804 0.18069804 0.18106405
 0.18106405 0.18106405 0.18106405 0.18106405 0.18106405 0.18106405
 0.18106405 0.18106405 0.18106405 0.18106405 0.18106405 0.18106405
 0.18106405 0.18106405 0.18106405 0.18106405 0.18106405 0.18106405
 0.18106405 0.18176993 0.18176993 0.18176993 0.18176993 0.18176993
 0.18176993 0.18176993 0.18176993 0.18176993 0.18176993 0.18176993
 0.18176993 0.18176993 0.18176993 0.18176993 0.18176993 0.18208366
 0.18208366 0.18208366 0.18208366 0.18208366 0.18208366 0.18208366
 0.18208366 0.18208366 0.18208366 0.18208366 0.18208366 0.18208366
 0.18208366 0.18208366 0.18208366 0.18208366 0.18208366 0.18208366
 0.18208366 0.18208366 0.18208366 0.18208366 0.18208366 0.18208366
 0.18208366 0.18208366 0.18208366 0.18208366 0.18208366 0.18208366
 0.18208366 0.18208366 0.18208366 0.18208366 0.18208366 0.18208366
 0.18208366 0.18208366 0.18208366 0.18208366 0.18208366 0.18208366
 0.18208366 0.18208366 0.18255425 0.18255425 0.18255425 0.18255425
 0.18255425 0.18255425 0.18255425 0.18255425 0.18255425 0.18255425
 0.18255425 0.18255425 0.18255425 0.18255425 0.18255425 0.18255425
 0.18255425 0.18255425 0.18255425 0.18255425 0.18255425 0.18255425
 0.18255425 0.18255425 0.18255425 0.18255425 0.18255425 0.18255425
 0.18255425 0.18255425 0.18255425 0.18255425 0.18307712 0.18307712
 0.18307712 0.18307712 0.18307712 0.18307712 0.18307712 0.18307712
 0.18307712 0.18307712 0.18307712 0.18307712 0.18391373 0.18391373
 0.18391373 0.18391373 0.18391373 0.18391373 0.18391373 0.18438431
 0.18438431 0.18438431 0.18438431 0.18438431 0.18438431 0.18438431
 0.18438431 0.18438431 0.18438431 0.18438431 0.18438431 0.18447059
 0.18447059 0.18447059 0.18447059 0.18447059 0.18447059 0.18447059
 0.18447059 0.18447059 0.18447059 0.18447059 0.18447059 0.18447059
 0.18447059 0.18447059 0.18447059 0.18447059 0.18447059 0.18447059
 0.18447059 0.18447059 0.18447059 0.18447059 0.18447059 0.18447059
 0.18447059 0.18447059 0.18447059 0.18447059 0.18447059 0.18447059
 0.18447059 0.18447059 0.18447059 0.18447059 0.18447059 0.18447059
 0.18447059 0.18447059 0.18447059 0.18447059 0.18447059 0.18447059
 0.18447059 0.18447059 0.18447059 0.18447059 0.18447059 0.18447059
 0.18447059 0.18447059 0.18447059 0.18447059 0.18447059 0.18447059
 0.18447059 0.18447059 0.18447059 0.18447059 0.18447059 0.18447059
 0.18447059 0.18447059 0.18447059 0.18447059 0.18447059 0.18447059
 0.18447059 0.18447059 0.18447059 0.18447059 0.18447059 0.18447059
 0.18447059 0.18447059 0.18447059 0.18447059 0.18447059 0.18447059
 0.18447059 0.18447059 0.18447059 0.18447059 0.18447059 0.18447059
 0.18447059 0.18447059 0.18447059 0.18447059 0.18447059 0.18447059
 0.18447059 0.18447059 0.18447059 0.18447059 0.18447059 0.18447059
 0.18447059 0.18447059 0.18447059 0.18447059 0.18447059 0.18447059
 0.18447059 0.18447059 0.18447059 0.18447059 0.18447059 0.18447059
 0.18447059 0.18447059 0.18447059 0.18447059 0.18447059 0.18447059
 0.18447059 0.18447059 0.18447059 0.18447059 0.18447059 0.18447059
 0.18447059 0.18447059 0.18447059 0.18447059 0.18447059 0.18447059
 0.18447059 0.18447059 0.18447059 0.18447059 0.18447059 0.18447059
 0.18447059 0.18447059 0.18447059 0.18447059 0.18447059 0.18447059
 0.18447059 0.18447059 0.18447059 0.18447059 0.18447059 0.18447059
 0.18447059 0.18447059 0.18447059 0.18447059 0.18447059 0.18447059
 0.18447059 0.18447059 0.18447059 0.18447059 0.18447059 0.18447059
 0.18447059 0.18447059 0.18447059 0.18447059 0.18447059 0.18447059
 0.18447059 0.18447059 0.18447059 0.18447059 0.18447059 0.18447059
 0.18447059 0.18447059 0.18447059 0.18447059 0.18447059 0.18447059
 0.18447059 0.18447059 0.18447059 0.18447059 0.18447059 0.18447059
 0.18447059 0.18447059 0.18447059 0.18447059 0.18447059 0.18447059
 0.18447059 0.18447059 0.18447059 0.18447059 0.18447059 0.18447059
 0.18447059 0.18447059 0.18447059 0.18447059 0.18447059 0.18447059
 0.18447059 0.18447059 0.18447059 0.18447059 0.18447059 0.18447059
 0.18447059 0.18447059 0.18447059 0.18447059 0.18447059 0.18447059
 0.18447059 0.18447059 0.18447059 0.18447059 0.18447059 0.18447059
 0.18447059 0.18447059 0.18447059 0.18447059 0.18447059 0.18447059
 0.18447059 0.18447059 0.18447059 0.18447059 0.18447059 0.18447059
 0.18447059 0.18447059 0.18447059 0.18447059 0.18447059 0.18447059
 0.18447059 0.18447059 0.18447059 0.18447059 0.18447059 0.18447059
 0.18447059 0.18447059 0.18447059 0.18447059 0.18447059 0.18447059
 0.18447059 0.18447059 0.18447059 0.18447059 0.18447059 0.18447059
 0.18447059 0.18447059 0.18447059 0.18447059 0.18447059 0.18447059
 0.18447059 0.18447059 0.18447059 0.18447059 0.18447059 0.18447059
 0.18447059 0.18447059 0.18447059 0.18447059 0.18447059 0.18447059
 0.18447059 0.18447059 0.18447059 0.18447059 0.18447059 0.18447059
 0.18447059 0.18447059 0.18447059 0.18447059 0.18447059 0.18447059
 0.18447059 0.18447059 0.18447059 0.18447059 0.18447059 0.18447059
 0.18447059 0.18447059 0.18447059 0.18447059 0.18447059 0.18447059
 0.18447059 0.18447059 0.18447059 0.18447059 0.18447059 0.18447059
 0.18447059 0.18447059 0.18447059 0.18447059 0.18447059 0.18447059
 0.18447059 0.18447059 0.18447059 0.18447059 0.18447059 0.18447059
 0.18447059 0.18447059 0.18447059 0.18447059 0.18447059 0.18447059
 0.18447059 0.18447059 0.18447059 0.18447059 0.18447059 0.18447059
 0.18447059 0.18447059 0.18447059 0.18447059 0.18447059 0.18447059
 0.18447059 0.18447059 0.18447059 0.18447059 0.18447059 0.18447059
 0.18447059 0.18447059 0.18447059 0.18447059 0.18447059 0.18447059
 0.18447059 0.18447059 0.18447059 0.18447059 0.18447059 0.18447059
 0.18447059 0.18447059 0.18447059 0.18447059 0.18447059 0.18447059
 0.18447059 0.18447059 0.18447059 0.18447059 0.18447059 0.18447059
 0.18447059 0.18447059 0.18447059 0.18447059 0.18447059 0.18447059
 0.18447059 0.18447059 0.18447059 0.18447059 0.18447059 0.18447059
 0.18447059 0.18447059 0.18447059 0.18447059 0.18447059 0.18447059
 0.18447059 0.18447059 0.18447059 0.18447059 0.18447059 0.18447059
 0.18447059 0.18447059 0.18447059 0.18447059 0.18447059 0.18447059
 0.18447059 0.18447059 0.18447059 0.18447059 0.18447059 0.18447059
 0.18447059 0.18447059 0.18447059 0.18447059 0.18447059 0.18447059
 0.18447059 0.18447059 0.18447059 0.18447059 0.18447059 0.18447059
 0.18447059 0.18447059 0.18447059 0.18447059 0.18447059 0.18447059
 0.18447059 0.18447059 0.18447059 0.18447059 0.18447059 0.18447059
 0.18447059 0.18447059 0.18447059 0.18447059 0.18447059 0.18447059
 0.18447059 0.18447059 0.18447059 0.18447059 0.18447059 0.18447059
 0.18447059 0.18447059 0.18447059 0.18447059 0.18447059 0.18447059
 0.18447059 0.18447059 0.18447059 0.18447059 0.18447059 0.18447059
 0.18447059 0.18447059 0.18447059 0.18447059 0.18447059 0.18447059
 0.18447059 0.18447059 0.18447059 0.18447059 0.18447059 0.18447059
 0.18447059 0.18447059 0.18447059 0.18447059 0.18447059 0.18447059
 0.18447059 0.18447059 0.18447059 0.18447059 0.18447059 0.18447059
 0.18447059 0.18447059 0.18447059 0.18447059 0.18447059 0.18447059
 0.18447059 0.18447059 0.18447059 0.18447059 0.18447059 0.18447059
 0.18447059 0.18447059 0.18447059 0.18447059 0.18447059 0.18447059
 0.18447059 0.18447059 0.18447059 0.18447059 0.18447059 0.18447059
 0.18447059 0.18447059 0.18447059 0.18447059 0.18447059 0.18447059
 0.18447059 0.18447059 0.18447059 0.18447059 0.18447059 0.18447059
 0.18447059 0.18447059 0.18447059 0.18447059 0.18447059 0.18447059
 0.18447059 0.18447059 0.18447059 0.18447059 0.18447059 0.18447059
 0.18447059 0.18447059 0.18447059 0.18447059]
[8.396 8.264 8.06  7.928 7.76  7.7   7.54  7.396 7.32  7.168 7.004 6.948
 6.828 6.66  6.604 6.576 6.448 6.3   6.228 6.136 6.1   6.024 5.848 5.764
 5.668 5.564 5.524 5.432 5.276 5.244 5.144 4.988 4.896 4.768 4.66  4.56
 4.484 4.376 4.288 4.18  4.052 4.004 3.916 3.824 3.792 3.688 3.664 3.636
 3.52  3.48  3.44  3.392 3.316 3.192 3.18  3.156 3.132 3.1   3.06  2.948
 2.9   2.88  2.844 2.824 2.8   2.728 2.7   2.656 2.632 2.632 2.596 2.556
 2.536 2.508 2.464 2.456 2.448 2.416 2.416 2.396 2.392 2.352 2.352 2.296
 2.288 2.252 2.204 2.196 2.16  2.1   2.1   2.084 2.072 2.028 2.016 2.012
 2.012 2.004 1.984 1.96  1.96  1.92  1.92  1.92  1.908 1.908 1.868 1.868
 1.86  1.828 1.796 1.784 1.784 1.784 1.784 1.768 1.752 1.752 1.744 1.676
 1.656 1.64  1.64  1.64  1.612 1.596 1.596 1.596 1.596 1.564 1.54  1.54
 1.54  1.508 1.484 1.472 1.472 1.472 1.456 1.456 1.4   1.4   1.396 1.376
 1.36  1.36  1.356 1.336 1.336 1.336 1.336 1.332 1.332 1.332 1.332 1.332
 1.332 1.308 1.308 1.308 1.304 1.304 1.284 1.28  1.276 1.276 1.276 1.276
 1.272 1.248 1.248 1.236 1.236 1.236 1.236 1.236 1.236 1.236 1.236 1.228
 1.228 1.228 1.216 1.216 1.216 1.216 1.216 1.192 1.188 1.188 1.188 1.18
 1.18  1.18  1.18  1.18  1.18  1.18  1.18  1.18  1.176 1.176 1.176 1.176
 1.176 1.176 1.176 1.176 1.176 1.176 1.176 1.176 1.176 1.176 1.176 1.176
 1.176 1.176 1.176 1.176 1.176 1.176 1.176 1.176 1.176 1.176 1.176 1.176
 1.144 1.144 1.144 1.144 1.144 1.144 1.14  1.14  1.14  1.14  1.14  1.14
 1.14  1.14  1.14  1.14  1.14  1.14  1.14  1.14  1.14  1.14  1.14  1.14
 1.14  1.14  1.14  1.14  1.14  1.14  1.14  1.14  1.14  1.14  1.14  1.14
 1.14  1.14  1.14  1.14  1.14  1.14  1.14  1.14  1.14  1.14  1.132 1.132
 1.132 1.132 1.132 1.132 1.132 1.128 1.124 1.124 1.124 1.124 1.12  1.12
 1.12  1.108 1.104 1.104 1.104 1.104 1.104 1.088 1.088 1.088 1.088 1.084
 1.084 1.084 1.084 1.068 1.068 1.068 1.068 1.068 1.068 1.068 1.068 1.068
 1.068 1.068 1.068 1.068 1.068 1.068 1.064 1.064 1.064 1.064 1.064 1.064
 1.064 1.064 1.064 1.064 1.064 1.064 1.064 1.064 1.064 1.064 1.064 1.056
 1.056 1.056 1.056 1.056 1.056 1.056 1.056 1.056 1.056 1.056 1.056 1.056
 1.056 1.056 1.056 1.056 1.056 1.056 1.056 1.052 1.052 1.052 1.052 1.052
 1.052 1.052 1.052 1.052 1.052 1.052 1.052 1.052 1.052 1.052 1.052 1.048
 1.048 1.048 1.048 1.048 1.048 1.048 1.048 1.048 1.048 1.048 1.048 1.048
 1.048 1.048 1.048 1.048 1.048 1.048 1.048 1.048 1.048 1.048 1.048 1.048
 1.048 1.048 1.048 1.048 1.048 1.048 1.048 1.048 1.048 1.048 1.048 1.048
 1.048 1.048 1.048 1.048 1.048 1.048 1.048 1.048 1.04  1.04  1.04  1.04
 1.04  1.04  1.04  1.04  1.04  1.04  1.04  1.04  1.04  1.04  1.04  1.04
 1.04  1.04  1.04  1.04  1.04  1.04  1.04  1.04  1.04  1.04  1.04  1.04
 1.04  1.04  1.04  1.04  1.032 1.032 1.032 1.032 1.032 1.032 1.032 1.032
 1.032 1.032 1.032 1.032 1.024 1.024 1.024 1.024 1.024 1.024 1.024 1.02
 1.02  1.02  1.02  1.02  1.02  1.02  1.02  1.02  1.02  1.02  1.02  1.004
 1.004 1.004 1.004 1.004 1.004 1.004 1.004 1.004 1.004 1.004 1.004 1.004
 1.004 1.004 1.004 1.004 1.004 1.004 1.004 1.004 1.004 1.004 1.004 1.004
 1.004 1.004 1.004 1.004 1.004 1.004 1.004 1.004 1.004 1.004 1.004 1.004
 1.004 1.004 1.004 1.004 1.004 1.004 1.004 1.004 1.004 1.004 1.004 1.004
 1.004 1.004 1.004 1.004 1.004 1.004 1.004 1.004 1.004 1.004 1.004 1.004
 1.004 1.004 1.004 1.004 1.004 1.004 1.004 1.004 1.004 1.004 1.004 1.004
 1.004 1.004 1.004 1.004 1.004 1.004 1.004 1.004 1.004 1.004 1.004 1.004
 1.004 1.004 1.004 1.004 1.004 1.004 1.004 1.004 1.004 1.004 1.004 1.004
 1.004 1.004 1.004 1.004 1.004 1.004 1.004 1.004 1.004 1.004 1.004 1.004
 1.004 1.004 1.004 1.004 1.004 1.004 1.004 1.004 1.004 1.004 1.004 1.004
 1.004 1.004 1.004 1.004 1.004 1.004 1.004 1.004 1.004 1.004 1.004 1.004
 1.004 1.004 1.004 1.004 1.004 1.004 1.004 1.004 1.004 1.004 1.004 1.004
 1.004 1.004 1.004 1.004 1.004 1.004 1.004 1.004 1.004 1.004 1.004 1.004
 1.004 1.004 1.004 1.004 1.004 1.004 1.004 1.004 1.004 1.004 1.004 1.004
 1.004 1.004 1.004 1.004 1.004 1.004 1.004 1.004 1.004 1.004 1.004 1.004
 1.004 1.004 1.004 1.004 1.004 1.004 1.004 1.004 1.004 1.004 1.004 1.004
 1.004 1.004 1.004 1.004 1.004 1.004 1.004 1.004 1.004 1.004 1.004 1.004
 1.004 1.004 1.004 1.004 1.004 1.004 1.004 1.004 1.004 1.004 1.004 1.004
 1.004 1.004 1.004 1.004 1.004 1.004 1.004 1.004 1.004 1.004 1.004 1.004
 1.004 1.004 1.004 1.004 1.004 1.004 1.004 1.004 1.004 1.004 1.004 1.004
 1.004 1.004 1.004 1.004 1.004 1.004 1.004 1.004 1.004 1.004 1.004 1.004
 1.004 1.004 1.004 1.004 1.004 1.004 1.004 1.004 1.004 1.004 1.004 1.004
 1.004 1.004 1.004 1.004 1.004 1.004 1.004 1.004 1.004 1.004 1.004 1.004
 1.004 1.004 1.004 1.004 1.004 1.004 1.004 1.004 1.004 1.004 1.004 1.004
 1.004 1.004 1.004 1.004 1.004 1.004 1.004 1.004 1.004 1.004 1.004 1.004
 1.004 1.004 1.004 1.004 1.004 1.004 1.004 1.004 1.004 1.004 1.004 1.004
 1.004 1.004 1.004 1.004 1.004 1.004 1.004 1.004 1.004 1.004 1.004 1.004
 1.004 1.004 1.004 1.004 1.004 1.004 1.004 1.004 1.004 1.004 1.004 1.004
 1.004 1.004 1.004 1.004 1.004 1.004 1.004 1.004 1.004 1.004 1.004 1.004
 1.004 1.004 1.004 1.004 1.004 1.004 1.004 1.004 1.004 1.004 1.004 1.004
 1.004 1.004 1.004 1.004 1.004 1.004 1.004 1.004 1.004 1.004 1.004 1.004
 1.004 1.004 1.004 1.004 1.004 1.004 1.004 1.004 1.004 1.004 1.004 1.004
 1.004 1.004 1.004 1.004 1.004 1.004 1.004 1.004 1.004 1.004 1.004 1.004
 1.004 1.004 1.004 1.004 1.004 1.004 1.004 1.004 1.004 1.004 1.004 1.004
 1.004 1.004 1.004 1.004 1.004 1.004 1.004 1.004 1.004 1.004 1.004 1.004
 1.004 1.004 1.004 1.004 1.004 1.004 1.004 1.004 1.004 1.004 1.004 1.004
 1.004 1.004 1.004 1.004 1.004 1.004 1.004 1.004 1.004 1.004 1.004 1.004
 1.004 1.004 1.004 1.004 1.004 1.004 1.004 1.004 1.004 1.004 1.004 1.004
 1.004 1.004 1.004 1.004 1.004 1.004 1.004 1.004 1.004 1.004 1.004 1.004
 1.004 1.004 1.004 1.004 1.004 1.004 1.004 1.004 1.004 1.004 1.004 1.004
 1.004 1.004 1.004 1.004 1.004 1.004 1.004 1.004 1.004 1.004 1.004 1.004
 1.004 1.004 1.004 1.004 1.004 1.004 1.004 1.004 1.004 1.004 1.004 1.004
 1.004 1.004 1.004 1.004 1.004 1.004 1.004 1.004 1.004 1.004 1.004 1.004
 1.004 1.004 1.004 1.004]
[0.05336002121315628, 0.010125865399859954, 0.01234272139441603, 0.024938441037123338, 0.027092638702961854, 0.029250458580710372, 0.0291736564810565, 0.02780538064149137, 0.02876268960324932, 0.029665141400196427, 0.029095396529221218, 0.029095396529221218, 0.029095396529221218, 0.029095396529221218, 0.029095396529221218, 0.029095396529221218, 0.029095396529221218, 0.029095396529221218, 0.029095396529221218, 0.029095396529221218]
[0.875479297299485, 0.5099019513592784, 0.34222799417931904, 0.14880860190190626, 0.14051334456200232, 0.09549869109050656, 0.0496386945839634, 0.03440930106817054, 0.037094473981982845, 0.027129319932501096, 0.008000000000000007, 0.008000000000000007, 0.008000000000000007, 0.008000000000000007, 0.008000000000000007, 0.008000000000000007, 0.008000000000000007, 0.008000000000000007, 0.008000000000000007, 0.008000000000000007]
[0, 0, 0, 1, 0, 0, 0, 0, 1, 1, 1, 0, 0, 1, 0, 0]
3.558507497847529
