[0.33465899 0.33465899 0.33465899 ... 0.33465899 0.33465899 0.33465899]
[16.4686 16.4686 16.4686 ... 16.4686 16.4686 16.4686]
[0.03522297570775627, 0.03522297570775627, 0.03522297570775627, 0.03522297570775627, 0.03522297570775627, 0.03522297570775627, 0.03522297570775627, 0.03522297570775627, 0.03522297570775627, 0.03522297570775627, 0.03522297570775627, 0.03522297570775627, 0.03522297570775627, 0.03522297570775627, 0.03522297570775627, 0.03522297570775627, 0.03522297570775627, 0.03522297570775627, 0.03522297570775627, 0.03522297570775627, 0.03522297570775627, 0.03522297570775627, 0.03522297570775627, 0.03522297570775627, 0.03522297570775627, 0.03522297570775627, 0.03522297570775627, 0.03522297570775627, 0.03522297570775627, 0.03522297570775627, 0.03522297570775627, 0.03522297570775627, 0.03522297570775627, 0.03522297570775627, 0.03522297570775627, 0.03522297570775627, 0.03522297570775627, 0.03522297570775627, 0.03522297570775627, 0.03522297570775627]
[1.2251506193117645, 1.2251506193117645, 1.2251506193117645, 1.2251506193117645, 1.2251506193117645, 1.2251506193117645, 1.2251506193117645, 1.2251506193117645, 1.2251506193117645, 1.2251506193117645, 1.2251506193117645, 1.2251506193117645, 1.2251506193117645, 1.2251506193117645, 1.2251506193117645, 1.2251506193117645, 1.2251506193117645, 1.2251506193117645, 1.2251506193117645, 1.2251506193117645, 1.2251506193117645, 1.2251506193117645, 1.2251506193117645, 1.2251506193117645, 1.2251506193117645, 1.2251506193117645, 1.2251506193117645, 1.2251506193117645, 1.2251506193117645, 1.2251506193117645, 1.2251506193117645, 1.2251506193117645, 1.2251506193117645, 1.2251506193117645, 1.2251506193117645, 1.2251506193117645, 1.2251506193117645, 1.2251506193117645, 1.2251506193117645, 1.2251506193117645]
[7, 0, 0, 4, 0, 1, 4, 2, 1, 1, 0, 1, 0, 1, 1, 0, 1, 0, 0, 1, 3, 0, 2, 1, 2, 2, 13, 21, 14, 14, 3, 0]
487.6336114203732
[0.33395552 0.33395552 0.33395552 ... 0.33395552 0.33395552 0.33395552]
[16.4444 16.4444 16.4444 ... 16.4444 16.4444 16.4444]
[0.04150849612069641, 0.04150849612069641, 0.04150849612069641, 0.04150849612069641, 0.04150849612069641, 0.04150849612069641, 0.04150849612069641, 0.04150849612069641, 0.04150849612069641, 0.04150849612069641, 0.04150849612069641, 0.04150849612069641, 0.04150849612069641, 0.04150849612069641, 0.04150849612069641, 0.04150849612069641, 0.04150849612069641, 0.04150849612069641, 0.04150849612069641, 0.04150849612069641, 0.04150849612069641, 0.04150849612069641, 0.04150849612069641, 0.04150849612069641, 0.04150849612069641, 0.04150849612069641, 0.04150849612069641, 0.04150849612069641, 0.04150849612069641, 0.04150849612069641, 0.04150849612069641, 0.04150849612069641, 0.04150849612069641, 0.04150849612069641, 0.04150849612069641, 0.04150849612069641, 0.04150849612069641, 0.04150849612069641, 0.04150849612069641, 0.04150849612069641]
[1.4459504279192974, 1.4459504279192974, 1.4459504279192974, 1.4459504279192974, 1.4459504279192974, 1.4459504279192974, 1.4459504279192974, 1.4459504279192974, 1.4459504279192974, 1.4459504279192974, 1.4459504279192974, 1.4459504279192974, 1.4459504279192974, 1.4459504279192974, 1.4459504279192974, 1.4459504279192974, 1.4459504279192974, 1.4459504279192974, 1.4459504279192974, 1.4459504279192974, 1.4459504279192974, 1.4459504279192974, 1.4459504279192974, 1.4459504279192974, 1.4459504279192974, 1.4459504279192974, 1.4459504279192974, 1.4459504279192974, 1.4459504279192974, 1.4459504279192974, 1.4459504279192974, 1.4459504279192974, 1.4459504279192974, 1.4459504279192974, 1.4459504279192974, 1.4459504279192974, 1.4459504279192974, 1.4459504279192974, 1.4459504279192974, 1.4459504279192974]
[6, 0, 0, 0, 0, 0, 1, 1, 0, 0, 0, 5, 2, 2, 0, 1, 0, 0, 1, 2, 1, 0, 1, 0, 1, 1, 28, 6, 23, 14, 4, 0]
480.22449453666195
