threshold	similarity	cardinality	stdsim	stdcard
0	1	1	0	0
0.02	0.134712157	1.0736	0.021563602	0.07994398
0.04	0.137740918	1.1108	0.027005634	0.122128457
0.06	0.139422385	1.1348	0.02230696	0.184989081
0.08	0.140428888	1.212	0.021693215	0.247353997
0.1	0.143702923	1.2936	0.027686791	0.246493489
0.12	0.143472223	1.2556	0.029179574	0.194001649
0.14	0.15140171	1.2676	0.03092068	0.203956466
0.16	0.152282808	1.4232	0.0285006	0.215382822
0.18	0.155642961	1.5512	0.026977403	0.260097213
0.2	0.15179905	1.7488	0.020538086	0.329366908
0.22	0.163372243	1.9688	0.030599219	0.400922137
0.24	0.168973234	2.2996	0.030146885	0.506919954
0.26	0.162246916	2.9748	0.022802757	0.479246242
0.28	0.158760738	3.3396	0.01881559	0.436339134
0.3	0.167804742	3.9968	0.027759351	0.550132493
0.32	0.164566553	4.6292	0.017677839	0.648508566
0.34	0.175568144	5.56	0.012607573	0.607881567
0.36	0.180703717	6.2668	0.013470103	0.60944053
0.38	0.187017985	6.8992	0.013809442	0.623845622
0.4	0.200478192	7.7396	0.013880308	0.694037348
0.42	0.205677925	8.1656	0.014682029	0.706450734
0.44	0.216751197	8.8576	0.016383682	0.739736602
0.46	0.221542065	9.33	0.013809432	0.667595686
0.48	0.234883761	10.2668	0.013032309	0.61119699
0.5	0.246481409	10.942	0.018761186	0.653706356
0.52	0.246660302	11.134	0.016199293	0.802159585
0.54	0.25657863	11.708	0.020009668	0.794420544
0.56	0.267975735	12.3472	0.018348946	0.760744477
0.58	0.263589439	12.3756	0.022206939	0.853944167
0.6	0.27289115	12.924	0.024832305	0.906756858
0.62	0.288839143	13.5772	0.021168367	0.723480587
0.64	0.288515031	13.7068	0.025859466	0.857779552
0.66	0.291103581	13.8948	0.029541331	1.037310445
0.68	0.30110211	14.5472	0.033967891	1.162856896
0.7	0.309201549	14.8428	0.02751029	0.908766285
0.72	0.307668743	14.9132	0.027851762	0.94495384
0.74	0.310255184	15.0816	0.032167301	1.157001919
0.76	0.314642221	15.3888	0.034042351	1.165237555
0.78	0.320437854	15.632	0.036055607	1.135175757
0.8	0.314648562	15.5492	0.030858574	1.004830015
0.82	0.32798346	16.0268	0.033359563	1.118696456
0.84	0.331053845	16.1572	0.031108707	1.04346354
0.86	0.330655042	16.202	0.034358318	1.143638055
0.88	0.330279754	16.2508	0.039336357	1.3449295
0.9	0.332660699	16.3204	0.034921014	1.198161859
0.92	0.332528567	16.368	0.032042712	1.09986181
0.94	0.344021323	16.8036	0.036938547	1.208845333
0.96	0.326156585	16.2012	0.036946768	1.295990185
0.98	0.333437373	16.3816	0.044297309	1.486842776
