threshold	similarity	cardinality
0.02	0.146588235	1.054
0.04	0.149176471	1.048
0.06	0.150627864	1.126
0.08	0.134139697	1.238
0.1	0.137308017	1.4
0.12	0.146883512	1.354
0.14	0.147657241	1.314
0.16	0.157031634	1.452
0.18	0.157873381	1.69
0.2	0.148450799	1.732
0.22	0.150672317	1.948
0.24	0.161628721	2.08
0.26	0.165646232	2.824
0.28	0.160791046	3.428
0.3	0.162712839	4.046
0.32	0.166796788	4.616
0.34	0.170036961	5.85
0.36	0.182640591	5.772
0.38	0.195123043	6.97
0.4	0.199746895	8.152
0.42	0.196700367	7.99
0.44	0.216696	8.71
0.46	0.215492047	9.29
0.48	0.232714866	10.26
0.5	0.247696142	10.972
0.52	0.236350846	10.702
0.54	0.260110468	11.886
0.56	0.256298203	11.81
0.58	0.260859986	12.21
0.6	0.264390322	12.666
0.62	0.276560838	12.958
0.64	0.292567938	13.986
0.66	0.288970822	13.986
0.68	0.320898018	15.138
0.7	0.294991963	14.308
0.72	0.320314409	15.378
0.74	0.305034198	14.888
0.76	0.331634753	15.926
0.78	0.319187727	15.538
0.8	0.338726735	16.334
0.82	0.335315971	16.252
0.84	0.333506426	16.192
0.86	0.322098904	15.908
0.88	0.323551634	16.054
0.9	0.337058355	16.528
0.92	0.326192037	16.086
0.94	0.33270237	16.384
0.96	0.326374197	16.232
0.98	0.329953451	16.34
1	0.334851314	16.45
